-6.500000000000000000e+01
-6.545930643023285711e+01
-6.570631120183921325e+01
-6.589810329151438850e+01
-6.606166643789840975e+01
-6.620781743618032067e+01
-6.634211716040725548e+01
-6.646782354422099104e+01
-6.658700840392337739e+01
-6.670106604335454392e+01
-6.681097493499419215e+01
-6.691744457930592205e+01
-6.702100341710411158e+01
-6.712205410753824708e+01
-6.722090964596506524e+01
-6.731781769980267427e+01
-6.741297742637381418e+01
-6.750655134697380788e+01
-6.759867388759043649e+01
-6.768945762384029763e+01
-6.777899791534036922e+01
-6.786737639170767977e+01
-6.795466360772553571e+01
-6.804092108939734374e+01
-6.812620292796505339e+01
-6.821055703464270437e+01
-6.829402613797724086e+01
-6.837664858401014101e+01
-6.845845898390592765e+01
-6.853948874252817802e+01
-6.861976649329238853e+01
-6.869931845862801367e+01
-6.877816875092918281e+01
-6.885633962553878007e+01
-6.893385169479314811e+01
-6.901072411023761788e+01
-6.908697471865396267e+01
-6.916262019640556957e+01
-6.923767616572273198e+01
-6.931215729585905194e+01
-6.938607739150435805e+01
-6.945944947040742079e+01
-6.953228583181564204e+01
-6.960459811706280675e+01
-6.967639736341122614e+01
-6.974769405207372586e+01
-6.981849815119223024e+01
-6.988881915442873094e+01
-6.995866611572390070e+01
-7.002804768069614738e+01
-7.009697211508469650e+01
-7.016544733058337613e+01
-7.023348090836290680e+01
-7.030108012053963762e+01
-7.036825194981383902e+01
-7.043500310747222670e+01
-7.050134004992403902e+01
-7.056726899391946972e+01
-7.063279593058085482e+01
-7.069792663836157942e+01
-7.076266669503428375e+01
-7.082702148879836557e+01
-7.089099622858670102e+01
-7.095459595364280858e+01
-7.101782554243202128e+01
-7.108068972094363858e+01
-7.114319307043500373e+01
-7.120534003466353568e+01
-7.126713492664802629e+01
-7.132858193499657773e+01
-7.138968512983505832e+01
-7.048605184684687686e+01
-7.006757940073850932e+01
-6.977326209313334004e+01
-6.954165006611113142e+01
-6.934834458313197558e+01
-6.918089829629286669e+01
-6.903205189079878323e+01
-6.889719535421048136e+01
-6.877322198274464427e+01
-6.865794398099369289e+01
-6.854976710809420126e+01
-6.844749716571722331e+01
-6.835021885649801732e+01
-6.825721680422989834e+01
-6.816792233351799268e+01
-6.808187660728913215e+01
-6.799870448901238262e+01
-6.791809562841750392e+01
-6.783979052661673848e+01
-6.776357010404122150e+01
-6.768924777723530894e+01
-6.761666336187288096e+01
-6.754567832469895450e+01
-6.747617204523930923e+01
-6.740803884271255697e+01
-6.734118558939989896e+01
-6.727552977820455737e+01
-6.721099794539506433e+01
-6.714752437363004844e+01
-6.708505001803050050e+01
-6.702352161115855722e+01
-6.696289091256069526e+01
-6.690311407593769388e+01
-6.684415111264843290e+01
-6.678596543459312329e+01
-6.672852346288408398e+01
-6.667179429133663859e+01
-6.661574939587596589e+01
-6.656036238258928961e+01
-6.650560876845335656e+01
-6.645146578981018592e+01
-6.639791223450404800e+01
-6.634492829427399840e+01
-6.629249543455115656e+01
-6.624059627926411054e+01
-6.618921450862987399e+01
-6.613833476821659474e+01
-6.608794258782056374e+01
-6.603802430891394692e+01
-6.598856701959834936e+01
-6.593955849614944498e+01
-6.589098715036465137e+01
-6.584284198203280880e+01
-6.579511253593587128e+01
-6.574778886286954105e+01
-6.570086148423645511e+01
-6.565432135982165107e+01
-6.560815985840885389e+01
-6.556236873093790507e+01
-6.551694008593975127e+01
-6.547186636701685813e+01
-6.542714033216375924e+01
-6.538275503474638128e+01
-6.533870380597912231e+01
-6.529498023875653701e+01
-6.525157817271265515e+01
-6.520849168039426047e+01
-6.516571505444669299e+01
-6.512324279572175101e+01
-6.508106960222625048e+01
-6.503919035883811262e+01
-6.499760012772486562e+01
-6.495629413940498864e+01
-6.491526778439906309e+01
-6.487451660542269849e+01
-6.483403629007753466e+01
-6.479382266400097024e+01
-6.475387168443894836e+01
-6.471417943420927088e+01
-6.467474211602578293e+01
-6.463555604715682534e+01
-6.459661765439312830e+01
-6.455792346930299175e+01
-6.451947012375416080e+01
-6.448125434568359537e+01
-6.444327295509829412e+01
-6.440552286029100060e+01
-6.436800105425662366e+01
-6.433070461129598527e+01
-6.429363068379463186e+01
-6.425677649916546841e+01
-6.422013935694479869e+01
-6.418371662603213679e+01
-6.414750574206490796e+01
-6.411150420491986779e+01
-6.407570957633350872e+01
-6.404011947763461876e+01
-6.400473158758204306e+01
-6.396954364030199258e+01
-6.393455342331896674e+01
-6.389975877567503204e+01
-6.386515758613266769e+01
-6.383074779145647426e+01
-6.379652737476952495e+01
-6.376249436398035897e+01
-6.372864683027687960e+01
-6.369498288668362562e+01
-6.366150068667919015e+01
-6.362819842287074579e+01
-6.359507432572265628e+01
-6.356212666233663100e+01
-6.352935373528084284e+01
-6.349675388146550148e+01
-6.346432547106287103e+01
-6.343206690646934476e+01
-6.339997662130781464e+01
-6.336805307946833921e+01
-6.333629477418530485e+01
-6.330470022714958134e+01
-6.327326798765383842e+01
-6.324199663176975861e+01
-6.321088476155560443e+01
-6.317993100429281128e+01
-6.314913401175042651e+01
-6.311849245947603748e+01
-6.308800504611222948e+01
-6.305767049273735125e+01
-6.302748754222962191e+01
-6.299745495865362699e+01
-6.296757152666820190e+01
-6.293783605095493527e+01
-6.290824735566634018e+01
-6.287880428389296128e+01
-6.284950569714865765e+01
-6.282035047487331525e+01
-6.279133751395231400e+01
-6.276246572825210279e+01
-6.273373404817122889e+01
-6.270514142020625314e+01
-6.267668680653194713e+01
-6.264836918459530324e+01
-6.262018754672267562e+01
-6.259214089973979611e+01
-6.256422826460393338e+01
-6.253644867604793234e+01
-6.250880118223562221e+01
-6.248128484442812436e+01
-6.245389873666079694e+01
-6.242664194543029765e+01
-6.239951356939145910e+01
-6.237251271906366412e+01
-6.234563851654628763e+01
-6.231889009524297762e+01
-6.229226659959438450e+01
-6.226576718481913275e+01
-6.223939101666264406e+01
-6.221313727115361303e+01
-6.218700513436786537e+01
-6.216099380219930737e+01
-6.213510248013775339e+01
-6.210933038305340403e+01
-6.208367673498771211e+01
-6.205814076895045162e+01
-6.203272172672281926e+01
-6.200741885866624870e+01
-6.198223142353686654e+01
-6.195715868830536266e+01
-6.193219992798206874e+01
-6.190735442544713862e+01
-6.188262147128555313e+01
-6.185800036362691401e+01
-6.183349040798983509e+01
-6.180909091713068904e+01
-6.178480121089673105e+01
-6.176062061608330822e+01
-6.173654846629515447e+01
-6.171258410181147980e+01
-6.168872686945493911e+01
-6.166497612246417503e+01
-6.164133122036991352e+01
-6.161779152887446287e+01
-6.159435641973459497e+01
-6.157102527064756003e+01
-6.154779746514021355e+01
-6.152467239246124819e+01
-6.150164944747623252e+01
-6.147872803056556279e+01
-6.145590754752510065e+01
-6.143318740946951806e+01
-6.141056703273818584e+01
-6.138804583880359189e+01
-6.136562325418213248e+01
-6.134329871034732662e+01
-6.132107164364523300e+01
-6.129894149521213365e+01
-6.127690771089431365e+01
-6.125496974116996540e+01
-6.123312704107308235e+01
-6.121137907011930679e+01
-6.118972529223368895e+01
-6.213199014476538196e+01
-6.258973185971139941e+01
-6.292364921097942698e+01
-6.319480312218720286e+01
-6.342738430895904855e+01
-6.363374310798197087e+01
-6.382109916730840382e+01
-6.399405134960760222e+01
-6.415570915964559617e+01
-6.430826985351146163e+01
-6.445334012116067868e+01
-6.459212773018028031e+01
-6.472556170869084724e+01
-6.485437083434747763e+01
-6.497913661018637299e+01
-6.510033001538126030e+01
-6.521833760428148707e+01
-6.533348042250128174e+01
-6.544602796598329064e+01
-6.555620864914590129e+01
-6.566421776988592285e+01
-6.577022365036923190e+01
-6.587437242868561782e+01
-6.597679183921614765e+01
-6.607759422553991158e+01
-6.617687896424918392e+01
-6.627473443179574986e+01
-6.637123961337394462e+01
-6.646646542883247832e+01
