-6.500000000000000000e+01
-6.545930643023285711e+01
-6.570631120183921325e+01
-6.589810329151438850e+01
-6.606166643789840975e+01
-6.620781743618032067e+01
-6.634211716040725548e+01
-6.646782354422099104e+01
-6.658700840392337739e+01
-6.670106604335454392e+01
-6.681097493499419215e+01
-6.691744457930592205e+01
-6.702100341710411158e+01
-6.712205410753824708e+01
-6.722090964596506524e+01
-6.731781769980267427e+01
-6.741297742637381418e+01
-6.750655134697380788e+01
-6.759867388759043649e+01
-6.768945762384029763e+01
-6.777899791534036922e+01
-6.786737639170767977e+01
-6.795466360772553571e+01
-6.804092108939734374e+01
-6.812620292796505339e+01
-6.821055703464270437e+01
-6.829402613797724086e+01
-6.837664858401014101e+01
-6.845845898390592765e+01
-6.853948874252817802e+01
-6.861976649329238853e+01
-6.869931845862801367e+01
-6.877816875092918281e+01
-6.885633962553878007e+01
-6.893385169479314811e+01
-6.901072411023761788e+01
-6.908697471865396267e+01
-6.916262019640556957e+01
-6.923767616572273198e+01
-6.931215729585905194e+01
-6.938607739150435805e+01
-6.945944947040742079e+01
-6.953228583181564204e+01
-6.960459811706280675e+01
-6.967639736341122614e+01
-6.974769405207372586e+01
-6.981849815119223024e+01
-6.988881915442873094e+01
-6.995866611572390070e+01
-7.002804768069614738e+01
-7.009697211508469650e+01
-7.016544733058337613e+01
-7.023348090836290680e+01
-7.030108012053963762e+01
-7.036825194981383902e+01
-7.043500310747222670e+01
-7.050134004992403902e+01
-7.056726899391946972e+01
-7.063279593058085482e+01
-7.069792663836157942e+01
-7.076266669503428375e+01
-7.082702148879836557e+01
-7.089099622858670102e+01
-7.095459595364280858e+01
-7.101782554243202128e+01
-7.108068972094363858e+01
-7.114319307043500373e+01
-7.120534003466353568e+01
-7.126713492664802629e+01
-7.132858193499657773e+01
-7.138968512983505832e+01
-7.055493726517532593e+01
-7.017067174037194377e+01
-6.990166923341776339e+01
-6.969086923686613488e+01
-6.951561575985273578e+01
-6.936435051796334506e+01
-6.923033270788934601e+01
-6.910928162264605135e+01
-6.899831251296967594e+01
-6.889539392536981666e+01
-6.879904558297623396e+01
-6.870815869150600008e+01
-6.862188344714620314e+01
-6.853955569540099191e+01
-6.846064751007145333e+01
-6.838473296217657094e+01
-6.831146384792143067e+01
-6.824055212449258079e+01
-6.817175696980572752e+01
-6.810487509503279568e+01
-6.803973338690737194e+01
-6.797618324590206385e+01
-6.791409617705140533e+01
-6.785336031847177196e+01
-6.779387768046950669e+01
-6.773556192925062192e+01
-6.767833659240507416e+01
-6.762213359422609926e+01
-6.756689205130835774e+01
-6.751255727527610873e+01
-6.745907994165044386e+01
-6.740641539296481710e+01
-6.735452305111364524e+01
-6.730336591916048405e+01
-6.725291015686160279e+01
-6.720312471728273351e+01
-6.715398103432438859e+01
-6.710545275288691869e+01
-6.705751549492325125e+01
-6.701014665583572594e+01
-6.696332522664097553e+01
-6.691703163810771571e+01
-6.687124762370474684e+01
-6.682595609871152931e+01
-6.678114105326591243e+01
-6.673678745747056951e+01
-6.669288117696653728e+01
-6.664940889762063136e+01
-6.660635805817157973e+01
-6.656371678984596940e+01
-6.652147386209469460e+01
-6.647961863371796198e+01
-6.643814100874631379e+01
-6.639703139652978336e+01
-6.635628067555893495e+01
-6.631588016060294422e+01
-6.627582157280242825e+01
-6.623609701239993797e+01
-6.619669893382973669e+01
-6.615762012292218230e+01
-6.611885367600709174e+01
-6.608039298072547751e+01
-6.604223169838118679e+01
-6.600436374768284509e+01
-6.596678328974361705e+01
-6.592948471422012346e+01
-6.589246262648565278e+01
-6.585571183574315057e+01
-6.581922734399402941e+01
-6.578300433578719719e+01
-6.574703816868057515e+01
-6.571132436435432567e+01
-6.567585860032073697e+01
-6.564063670218145319e+01
-6.560565463638741335e+01
-6.557090850346091315e+01
-6.553639453164346662e+01
-6.550210907093591572e+01
-6.546804858750110157e+01
-6.543420965840122960e+01
-6.540058896664528731e+01
-6.536718329652360637e+01
-6.533398952920882152e+01
-6.530100463860425464e+01
-6.526822568742218778e+01
-6.523564982347643593e+01
-6.520327427617419858e+01
-6.517109635319405925e+01
-6.513911343733765591e+01
-6.510732298354372460e+01
-6.507572251605400027e+01
-6.504430962572135400e+01
-6.501308196745125656e+01
-6.498203725776824058e+01
-6.495117327249987227e+01
-6.492048784457099941e+01
-6.488997886190189490e+01
-6.485964426540409988e+01
-6.482948204706828221e+01
-6.479949024813900849e+01
-6.476966695737135638e+01
-6.474001030936497614e+01
-6.471051848297122433e+01
-6.468118969976940491e+01
-6.465202222260860765e+01
-6.462301435421133533e+01
-6.459416443583606338e+01
-6.456547084599533548e+01
-6.453693199922680890e+01
-6.450854634491452089e+01
-6.448031236615776152e+01
-6.445222857868529331e+01
-6.442429352981275770e+01
-6.439650579744109393e+01
-6.436886398909393847e+01
-6.434136674099239883e+01
-6.431401271716524093e+01
-6.428680060859292666e+01
-6.425972913238402384e+01
-6.423279703098231153e+01
-6.420600307140345819e+01
-6.417934604449978053e+01
-6.415282476425196023e+01
-6.412643806708636873e+01
-6.410018481121713307e+01
-6.407406387601174913e+01
-6.404807416137907694e+01
-6.402221458717923497e+01
-6.399648409265394378e+01
-6.397088163587689991e+01
-6.394540619322302888e+01
-6.392005675885615545e+01
-6.389483234423407509e+01
-6.386973197763050081e+01
-6.384475470367317484e+01
-6.381989958289746312e+01
-6.379516569131485682e+01
-6.377055211999584117e+01
-6.374605797466651325e+01
-6.372168237531843005e+01
-6.369742445583123214e+01
-6.367328336360753127e+01
-6.364925825921955038e+01
-6.362534831606720331e+01
-6.360155272004703875e+01
-6.357787066923178543e+01
-6.355430137355999420e+01
-6.353084405453552108e+01
-6.350749794493636813e+01
-6.348426228853271880e+01
-6.346113633981361346e+01
-6.343811936372218696e+01
-6.341521063539901348e+01
-6.339240943993333133e+01
-6.336971507212184207e+01
-6.334712683623489227e+01
-6.332464404578966821e+01
-6.330226602333029007e+01
-6.327999210021445009e+01
-6.325782161640645995e+01
-6.323575392027647268e+01
-6.321378836840559501e+01
-6.319192432539682613e+01
-6.317016116369151746e+01
-6.314849826339120398e+01
-6.312693501208465108e+01
-6.310547080467991776e+01
-6.308410504324130841e+01
-6.306283713683096437e+01
-6.304166650135508831e+01
-6.302059255941450289e+01
-6.299961474015948681e+01
-6.297873247914878903e+01
-6.295794521821254364e+01
-6.293725240531910714e+01
-6.291665349444564725e+01
-6.289614794545230581e+01
-6.287573522395990722e+01
-6.285541480123107760e+01
-6.283518615405459684e+01
-6.281504876463301201e+01
-6.279500212047328489e+01
-6.277504571428049474e+01
-6.275517904385435486e+01
-6.273540161198864240e+01
-6.271571292637327844e+01
-6.269611249949909393e+01
-6.267659984856513944e+01
-6.265717449538848882e+01
-6.263783596631645167e+01
-6.261858379214111636e+01
-6.259941750801616678e+01
-6.258033665337589468e+01
-6.256134077185635789e+01
-6.254242941121858479e+01
-6.252360212327378264e+01
-6.250485846381055666e+01
-6.248619799252391971e+01
-6.246762027294623465e+01
-6.244912487237985488e+01
-6.332572281361050415e+01
-6.375200783309988850e+01
-6.406305179837313801e+01
-6.431569993336174207e+01
-6.453249582580933463e+01
-6.472494861108938835e+01
-6.489978222047940903e+01
-6.506127617939849017e+01
-6.521232143148927207e+01
-6.535495889311208373e+01
-6.549067954726234575e+01
-6.562060314104039094e+01
-6.574559019350699884e+01
-6.586631511084995338e+01
-6.598331551325109956e+01
-6.609702643964429569e+01
-6.620780462821626600e+01
-6.631594610645984744e+01
-6.642169916530976082e+01
-6.652527408345258664e+01
-6.662685052204207636e+01
-6.672658322223951188e+01
-6.682460644804534411e+01
-6.692103748902857774e+01
-6.701597944996163392e+01
-6.710952349338445799e+01
-6.720175065803903180e+01
-6.729273334526715189e+01
-6.738253654309868068e+01
