-7.000000000000000000e+01
-7.002755186171695811e+01
-7.004978551206426118e+01
-7.007013774980921994e+01
-7.008935684748485073e+01
-7.010781468878036549e+01
-7.012573308985435006e+01
-7.014325404514860907e+01
-7.016047200907256354e+01
-7.017745141901762906e+01
-7.019423703735415643e+01
-7.021086037306132255e+01
-7.022734381379635238e+01
-7.024370335875882176e+01
-7.025995046708504788e+01
-7.027609333192995678e+01
-7.029213777322438261e+01
-7.030808787236261992e+01
-7.032394642928102257e+01
-7.033971529545223689e+01
-7.035539561899732064e+01
-7.037098802677098774e+01
-7.038649276071876670e+01
-7.040190978069917094e+01
-7.041723884246744092e+01
-7.043247955709294672e+01
-7.044763143638124347e+01
-7.046269392766578221e+01
-7.047766644046912177e+01
-7.049254836690786874e+01
-7.050733909725784088e+01
-7.052203803175802932e+01
-7.053664458948146887e+01
-7.055115821491165207e+01
-7.056557838272154015e+01
-7.057990460114244513e+01
-7.059413641422764840e+01
-7.060827340325036516e+01
-7.062231518742595426e+01
-7.063626142410895170e+01
-7.065011180858458317e+01
-7.066386607355020999e+01
-7.067752398836269379e+01
-7.069108535811237459e+01
-7.070455002257192234e+01
-7.071791785505853056e+01
-7.073118876124000565e+01
-7.074436267790878219e+01
-7.075743957174296384e+01
-7.077041943806901259e+01
-7.078330229963763998e+01
-7.079608820542168246e+01
-7.080877722944224217e+01
-7.082136946962822321e+01
-7.083386504671223349e+01
-7.084626410316542433e+01
-7.085856680217230519e+01
-7.087077332664632934e+01
-7.088288387828609416e+01
-7.089489867667202816e+01
-7.090681795840252732e+01
-7.091864197626883026e+01
-7.093037099846709737e+01
-7.094200530784695502e+01
-7.095354520119447272e+01
-7.096499098854852150e+01
-7.097634299254909251e+01
-7.098760154781572851e+01
-7.099876700035503063e+01
-7.100983970699549275e+01
-7.102082003484851214e+01
-7.103170836079411288e+01
-7.104250507098991818e+01
-7.105321056040257588e+01
-7.106382523236000281e+01
-7.107434949812346758e+01
-7.108478377647867319e+01
-7.109512849334437590e+01
-7.110538408139795763e+01
-7.111555097971694295e+01
-7.112562963343549427e+01
-7.113562049341520321e+01
-7.114552401592938224e+01
-7.115534066236018873e+01
-7.116507089890782822e+01
-7.117471519631131116e+01
-7.118427402958009509e+01
-7.119374787773612923e+01
-7.120313722356580399e+01
-7.121244255338112339e+01
-7.122166435679000074e+01
-7.123080312647492462e+01
-7.123985935797985292e+01
-7.124883354950465275e+01
-7.125772620170714333e+01
-7.126653781751208783e+01
-7.127526890192694964e+01
-7.128391996186414303e+01
-7.129249150596943707e+01
-7.130098404445632809e+01
-7.130939808894616760e+01
-7.131773415231360502e+01
-7.132599274853751581e+01
-7.133417439255680392e+01
-7.134227960013112124e+01
-7.135030888770637603e+01
-7.135826277228464676e+01
-7.136614177129851555e+01
-7.137394640248957955e+01
-7.138167718379105509e+01
-7.138933463321431816e+01
-7.139691926873916827e+01
-7.140443160820790069e+01
-7.141187216922274672e+01
-7.141924146904695192e+01
-7.142654002450902340e+01
-7.143376835191028817e+01
-7.144092696693556377e+01
-7.144801638456688408e+01
-7.145503711900011012e+01
-7.146198968356443970e+01
-7.146887459064468828e+01
-7.147569235160622725e+01
-7.148244347672259380e+01
-7.148912847510558777e+01
-7.149574785463781268e+01
-7.150230212190768952e+01
-7.150879178214673004e+01
-7.151521733916911217e+01
-7.152157929531338709e+01
-7.152787815138644589e+01
-7.153411440660940457e+01
-7.154028855856572022e+01
-7.154640110315098411e+01
-7.155245253452494580e+01
-7.155844334506511473e+01
-7.156437402532239389e+01
-7.157024506397827679e+01
-7.157605694780396277e+01
-7.158181016162090771e+01
-7.158750518826315101e+01
-7.159314250854122008e+01
-7.159872260120744158e+01
-7.160424594292285860e+01
-7.160971300822554042e+01
-7.161512426950032761e+01
-7.162048019694992718e+01
-7.162578125856731504e+01
-7.163102792010951703e+01
-7.163622064507255516e+01
-7.164135989466768706e+01
-7.164644612779878230e+01
-7.165147980104090664e+01
-7.165646136861997206e+01
-7.166139128239355216e+01
-7.166626999183270641e+01
-7.167109794400485612e+01
-7.167587558355765509e+01
-7.168060335270382666e+01
-7.168528169120703808e+01
-7.168991103636851392e+01
-7.169449182301474366e+01
-7.169902448348589985e+01
-7.170350944762520840e+01
-7.170794714276907200e+01
-7.171233799373801787e+01
-7.171668242282839856e+01
-7.172098084980488863e+01
-7.172523369189360665e+01
-7.172944136377608970e+01
-7.173360427758380808e+01
-7.173772284289343304e+01
-7.174179746672271563e+01
-7.174582855352700506e+01
-7.174981650519634968e+01
-7.175376172105322325e+01
-7.175766459785076279e+01
-7.176152552977161747e+01
-7.176534490842728076e+01
-7.176912312285799089e+01
-7.177286055953308619e+01
-7.177655760235187188e+01
-7.178021463264494173e+01
-7.178383202917598283e+01
-7.178741016814394982e+01
-7.179094942318576500e+01
-7.179445016537938784e+01
-7.179791276324721139e+01
-7.180133758275994182e+01
-7.180472498734086173e+01
-7.180807533787027808e+01
-7.181138899269062392e+01
-7.181466630761151748e+01
-7.181790763591551752e+01
-7.182111332836392137e+01
-7.182428373320297510e+01
-7.182741919617036785e+01
-7.183052006050201044e+01
-7.183358666693905548e+01
-7.183661935373518759e+01
-7.183961845666421198e+01
-7.184258430902777093e+01
-7.184551724166344400e+01
-7.184841758295294767e+01
-7.185128565883060503e+01
-7.185412179279201439e+01
-7.185692630590290264e+01
-7.185969951680820600e+01
-7.186244174174127863e+01
-7.186515329453332868e+01
-7.186783448662295370e+01
-7.187048562706597465e+01
-7.187310702254521289e+01
-7.187569897738063673e+01
-7.187826179353945122e+01
-7.188079577064650039e+01
-7.188330120599465545e+01
-7.188577839455538765e+01
-7.188822762898949748e+01
-7.189064919965782963e+01
-7.189304339463225801e+01
-7.189541049970657127e+01
-7.189775079840771355e+01
-7.190006457200684054e+01
-7.190235209953063134e+01
-7.190461365777262870e+01
-7.190684952130469298e+01
-7.190905996248844190e+01
-7.191124525148683233e+01
-7.191340565627578485e+01
-7.191554144265583659e+01
-7.191765287426392206e+01
-7.191974021258509708e+01
-7.192180371696437646e+01
-7.192384364461865687e+01
-7.192586025064856869e+01
-7.192785378805041319e+01
-7.192982450772819902e+01
-7.193177265850557944e+01
-7.193369848713794568e+01
-7.193560223832440670e+01
-7.193748415471993951e+01
-7.193934447694742573e+01
-7.194118344360975925e+01
-7.194300129130202492e+01
-7.194479825462350675e+01
-7.194657456618992342e+01
-7.194833045664552174e+01
-7.195006615467521272e+01
-7.195178188701670763e+01
-7.195347787847262566e+01
-7.195515435192268683e+01
-7.195681152833573435e+01
-7.195844962678195600e+01
-7.196006886444487805e+01
-7.196166945663351555e+01
-7.196325161679443738e+01
-7.196481555652378859e+01
-7.196636148557934121e+01
-7.196788961189250244e+01
-7.196940014158035126e+01
-7.197089327895754707e+01
-7.197236922654829527e+01
-7.197382818509827018e+01
-7.197527035358653791e+01
-7.197669592923733717e+01
-7.197810510753198798e+01
-7.197949808222068668e+01
-7.198087504533421566e+01
-7.198223618719572414e+01
-7.198358169643243798e+01
-7.198491175998728409e+01
-7.198622656313052914e+01
-7.198752628947138987e+01
-7.198881112096955803e+01
-7.199008123794671121e+01
-7.199133681909798099e+01
-7.199257804150343532e+01
-7.199380508063934769e+01
-7.199501811038966537e+01
-7.199621730305717904e+01
-7.199740282937490576e+01
-7.199857485851721606e+01
-7.199973355811100362e+01
-7.200087909424679822e+01
-7.200201163148987860e+01
-7.200313133289121481e+01
-7.200423835999853850e+01
-7.200533287286717155e+01
-7.200641503007096844e+01
-7.200748498871305969e+01
-7.200854290443672312e+01
-7.200958893143607042e+01
-7.201062322246666270e+01
-7.201164592885619697e+01
-7.201265720051507913e+01
-7.201365718594688303e+01
-7.201464603225886663e+01
-7.201562388517236002e+01
-7.201659088903312522e+01
-7.201754718682167322e+01
-7.201849292016349580e+01
-7.201942822933929733e+01
-7.202035325329509874e+01
-7.202126812965234137e+01
-7.202217299471793410e+01
-7.202306798349425776e+01
-7.202395322968899904e+01
-7.202482886572514076e+01
-7.202569502275069624e+01
-7.202655183064850064e+01
-7.202739941804593116e+01
-7.202823791232454198e+01
-7.202906743962964242e+01
-7.202988812487988923e+01
-7.203070009177672262e+01
-7.203150346281381644e+01
-7.203229835928650004e+01
-7.203308490130098107e+01
-7.203386320778368201e+01
-7.203463339649046304e+01
-7.203539558401570275e+01
-7.203614988580149259e+01
-7.203689641614656125e+01
-7.203763528821541229e+01
-7.203836661404712061e+01
-7.203909050456429952e+01
-7.203980706958189728e+01
-7.204051641781593673e+01
-7.204121865689229764e+01
-7.204191389335531426e+01
-7.204260223267640129e+01
-7.204328377926262306e+01
-7.204395863646513476e+01
-7.204462690658772317e+01
-7.204528869089506316e+01
-7.204594408962120156e+01
-7.204659320197768579e+01
-7.204723612616191986e+01
-7.204787295936523606e+01
-7.204850379778108049e+01
-7.204912873661307060e+01
-7.204974787008296744e+01
-7.205036129143867640e+01
-7.205096909296216268e+01
-7.205157136597725298e+01
-7.205216820085749418e+01
-7.205275968703385558e+01
-7.205334591300247382e+01
-7.205392696633228411e+01
-7.205450293367259462e+01
-7.205507390076064667e+01
-7.205563995242911801e+01
-7.205620117261351254e+01
-7.205675764435964936e+01
-7.205730944983089614e+01
-7.205785667031553032e+01
-7.205839938623392982e+01
-7.205893767714580633e+01
-7.205947162175733922e+01
-7.206000129792820985e+01
-7.206052678267870704e+01
-7.206104815219670456e+01
-7.206156548184459609e+01
-7.206207884616615900e+01
-7.206258831889347505e+01
-7.206309397295363794e+01
-7.206359588047560294e+01
-7.206409411279679489e+01
-7.206458874046980156e+01
-7.206507983326901012e+01
-7.206556746019712989e+01
-7.206605168949172935e+01
-7.206653258863165945e+01
-7.206701022434353376e+01
-7.206748466260808073e+01
-7.206795596866645326e+01
-7.206842420702655261e+01
-7.206888944146922427e+01
-7.206935173505448233e+01
-7.206981115012763439e+01
-7.207026774832542060e+01
-7.207072159058205330e+01
-7.207117273713522820e+01
-7.207162124753206456e+01
-7.207206718063511630e+01
-7.207251059462821274e+01
-7.207295154702228501e+01
-7.207339009466116408e+01
-7.207382629372739302e+01
-7.207426019974789710e+01
-7.207469186759962554e+01
-7.207512135151526422e+01
-7.207554870508874956e+01
-7.207597398128089594e+01
-7.207639723242479590e+01
-7.207681851023137654e+01
-7.207723786579481384e+01
-7.207765534959786180e+01
-7.207807101151723828e+01
-7.207848490082896831e+01
-7.207889706621355685e+01
-7.207930755576128945e+01
-7.207971641697740495e+01
-7.208012369678722564e+01
-7.208052944154128738e+01
-7.208093369702038444e+01
-7.208133650844064277e+01
-7.208173792045846540e+01
-7.208213797717554883e+01
-7.208253672214374319e+01
-7.208293419836998339e+01
-7.208333044832112080e+01
-7.208372551392871230e+01
-7.208411943659380938e+01
-7.208451225719171873e+01
-7.208490401607666342e+01
-7.208529475308645829e+01
-7.208568450754717105e+01
-7.208607331827766984e+01
-7.208646122359421327e+01
-7.208684826131496948e+01
-7.208723446876449259e+01
-7.208761988277819910e+01
-7.208800453970678745e+01
-7.208838847542060080e+01
-7.208877172531400390e+01
-7.208915432430968906e+01
-7.208953630686299618e+01
-7.208991770696611923e+01
-7.209029855815235521e+01
-7.209067889350029645e+01
-7.209105874563796590e+01
-7.209143814674695250e+01
-7.209181712856654656e+01
-7.209219572239770457e+01
-7.209257395910717037e+01
-7.209295186913141151e+01
-7.209332948248064099e+01
-7.209370682874269676e+01
-7.209408393708699236e+01
-7.209446083626835389e+01
-7.209483755463092791e+01
-7.209521412011189057e+01
-7.209559056024535550e+01
-7.209596690216604031e+01
-7.209634317261301817e+01
-7.209671939793342688e+01
-7.209709560408614948e+01
-7.209747181664542381e+01
-7.209784806080442365e+01
-7.209822436137892510e+01
-7.209860074281083087e+01
-7.209897722917163776e+01
-7.209935384416600357e+01
-7.209973061113518611e+01
-7.210010755306052488e+01
-7.210048469256679482e+01
-7.210086205192564535e+01
-7.210123965305893989e+01
-7.210161751754212389e+01
-7.210199566660747905e+01
-7.210237412114744870e+01
-7.210275290171790630e+01
-7.210313202854136705e+01
-7.210351152151014276e+01
-7.210389140018965293e+01
-7.210427168382143748e+01
-7.210465239132636839e+01
-7.210503354130774767e+01
-7.210541515205437690e+01
-7.210579724154361259e+01
-7.210617982744439303e+01
-7.210656292712026527e+01
-7.210694655763232674e+01
-7.210733073574225216e+01
-7.210771547791517833e+01
-7.210810080032261737e+01
-7.210848671884534156e+01
-7.210887324907632490e+01
-7.210926040632348588e+01
-7.210964820561252964e+01
-7.211003666168981852e+01
-7.211042578902502953e+01
-7.211081560181403916e+01
-7.211120611398152391e+01
-7.211159733918374570e+01
-7.211198929081125186e+01
-7.211238198199148997e+01
-7.211277542559143683e+01
-7.211316963422031279e+01
-7.211356462023209701e+01
-7.211396039572812811e+01
-7.211435697255967625e+01
-7.211475436233048697e+01
-7.211515257639925380e+01
-7.211555162588219048e+01
-7.211595152165541833e+01
-7.211635227435751005e+01
-7.211675389439186290e+01
-7.211715639192914296e+01
-7.211755977690965835e+01
-7.211796405904578933e+01
-7.211836924782429037e+01
-7.211877535250866345e+01
-7.211918238214143173e+01
-7.211959034554652703e+01
-7.211999925133144984e+01
-7.212040910788968517e+01
-7.212081992340279157e+01
-7.212123170584271747e+01
-7.212164446297398968e+01
-7.212205820235593023e+01
-7.212247293134477388e+01
-7.212288865709584229e+01
-7.212330538656571832e+01
-7.212372312651430661e+01
-7.212414188350696520e+01
-7.212456166391658030e+01
-7.212498247392566952e+01
-7.212540431952837139e+01
-7.212582720653250590e+01
-7.212625114056159248e+01
-7.212667612705685372e+01
-7.212710217127920487e+01
-7.212752927831115812e+01
-7.212795745305886896e+01
-7.212838670025399779e+01
-7.212881702445565679e+01
-7.212924843005230002e+01
-7.212968092126361341e+01
-7.213011450214237641e+01
-7.213054917657633780e+01
-7.213098494829003471e+01
-7.213142182084661158e+01
-7.213185979764966760e+01
-7.213229888194497619e+01
-7.213273907682236086e+01
-7.213318038521734366e+01
-7.213362280991300679e+01
-7.213406635354165530e+01
-7.213451101858653658e+01
-7.213495680738358828e+01
-7.213540372212308682e+01
-7.213585176485133843e+01
-7.213630093747237026e+01
-7.213675124174950781e+01
-7.213720267930706598e+01
-7.213765525163198333e+01
-7.213810896007534268e+01
-7.213856380585406214e+01
-7.213901979005242993e+01
-7.213947691362365333e+01
-7.213993517739143613e+01
-7.214039458205151334e+01
-7.214085512817318602e+01
-7.214131681620081338e+01
-7.214177964645533336e+01
-7.214224361913571215e+01
-7.214270873432050735e+01
-7.214317499196920380e+01
-7.214364239192376260e+01
-7.214411093391004215e+01
-7.214458061753917661e+01
-7.214505144230902545e+01
-7.214552340760559446e+01
-7.214599651270437164e+01
-7.214647075677173405e+01
-7.214694613886629782e+01
-7.214742265794032505e+01
-7.214790031284096017e+01
-7.214837910231167939e+01
-7.214885902499352710e+01
-7.214934007942642324e+01
-7.214982226405052756e+01
-7.215030557720746174e+01
-7.215079001714157414e+01
-7.215127558200127567e+01
-7.215176226984021923e+01
-7.215225007861855033e+01
-7.215273900620417180e+01
-7.215322905037392331e+01
-7.215372020881484616e+01
-7.215421247912529168e+01
-7.215470585881618604e+01
-7.215520034531218130e+01
-7.215569593595282072e+01
-7.215619262799367561e+01
-7.215669041860753907e+01
-7.215718930488550598e+01
-7.215768928383815251e+01
-7.215819035239660195e+01
-7.215869250741367580e+01
-7.215919574566495953e+01
-7.215970006384989688e+01
-7.216020545859288404e+01
-7.216071192644427867e+01
-7.216121946388156516e+01
-7.216172806731029254e+01
-7.216223773306519718e+01
-7.216274845741114063e+01
-7.216326023654426081e+01
-7.216377306659285296e+01
-7.216428694361844975e+01
-7.216480186361678761e+01
-7.216531782251881566e+01
-7.216583481619164786e+01
-7.216635284043951515e+01
-7.216687189100477440e+01
-7.216739196356881791e+01
-7.216791305375303978e+01
-7.216843515711971691e+01
-7.216895826917301804e+01
-7.216948238535987059e+01
-7.217000750107082752e+01
-7.217053361164106207e+01
-7.217106071235119202e+01
-7.217158879842816077e+01
-7.217211786504614679e+01
-7.217264790732744473e+01
-7.217317892034323279e+01
-7.217371089911455329e+01
-7.217424383861302317e+01
-7.217477773376180039e+01
-7.217531257943632284e+01
-7.217584837046513258e+01
-7.217638510163074272e+01
-7.217692276767039061e+01
-7.217746136327690465e+01
-7.217800088309935802e+01
-7.217854132174402082e+01
-7.217908267377502796e+01
-7.217962493371517496e+01
-7.218016809604668538e+01
-7.218071215521196393e+01
-7.218125710561433550e+01
-7.218180294161881250e+01
-7.218234965755279120e+01
-7.218289724770679072e+01
-7.218344570633519197e+01
-7.218399502765693398e+01
-7.218454520585621026e+01
-7.218509623508322193e+01
-7.218564810945478882e+01
-7.218620082305508845e+01
-7.218675436993635230e+01
-7.218730874411949117e+01
-7.218786393959477721e+01
-7.218841995032252612e+01
-7.218897677023375081e+01
-7.218953439323077248e+01
-7.219009281318790272e+01
-7.219065202395206882e+01
-7.219121201934342480e+01
-7.219177279315600515e+01
-7.219233433915832165e+01
-7.219289665109396026e+01
-7.219345972268226319e+01
-7.219402354761881213e+01
-7.219458811957611033e+01
-7.219515343220416526e+01
-7.219571947913101440e+01
-7.219628625396335053e+01
-7.219685375028710439e+01
-7.219742196166794201e+01
-7.219799088165193268e+01
-7.219856050376597523e+01
-7.219913082151845174e+01
-7.219970182839971073e+01
-7.220027351788266401e+01
-7.220084588342325560e+01
-7.220141891846100179e+01
-7.220199261641955957e+01
-7.220256697070719554e+01
-7.220314197471732598e+01
-7.220371762182900000e+01
-7.220429390540743952e+01
-7.220487081880447988e+01
-7.220544835535909556e+01
-7.220602650839792602e+01
-7.220660527123567363e+01
-7.220718463717561519e+01
-7.220776459951011361e+01
-7.220834515152104416e+01
-7.220892628648026346e+01
-7.220950799765005002e+01
-7.221009027828361582e+01
-7.221067312162547580e+01
-7.221125652091195946e+01
-7.221184046937160872e+01
-7.221242496022561852e+01
-7.221300998668829152e+01
-7.221359554196745023e+01
-7.221418161926483492e+01
-7.221476821177652994e+01
-7.221535531269343267e+01
-7.221594291520155195e+01
-7.221653101248251971e+01
-7.221711959771393197e+01
-7.221770866406974676e+01
-7.221829820472069628e+01
-7.139215290641919864e+01
-7.098208831669791152e+01
-7.067869865131858376e+01
-7.042932064825438943e+01
-7.021304455881737283e+01
-7.001920253932610194e+01
-6.984157243772548895e+01
-6.967620223912850008e+01
-6.952042807493518239e+01
-6.937237347983779046e+01
-6.923067061921142340e+01
-6.909429448228614490e+01
-6.896245908223447429e+01
-6.883454977998148649e+01
-6.871007767861154036e+01
-6.858864803346531858e+01
-6.846993785169651403e+01
-6.835367968156319307e+01
-6.823964966873559490e+01
-6.812765861444556492e+01
-6.801754518379435410e+01
-6.790917067926397976e+01
-6.780241497041181731e+01
-6.769717328909058551e+01
-6.759335368058927429e+01
-6.749087495749429877e+01
-6.738966504289921033e+01
-6.728965961809778662e+01
-6.719080101055314458e+01
-6.709303727308018495e+01
-6.699632141640026362e+01
-6.690061076562760434e+01
-6.680586641759370536e+01
-6.671205278075497347e+01
-6.661913718314862365e+01
-6.652708953674435577e+01
-6.643588204878916770e+01
-6.634548897251205801e+01
-6.625588639095565213e+01
-6.616705202881674097e+01
-6.607896508807222347e+01
-6.599160610388700832e+01
-6.590495681788452487e+01
-6.581900006633618716e+01
-6.573371968121590214e+01
-6.564910040238574140e+01
-6.556512779944418412e+01
-6.548178820198774019e+01
-6.539906863722033847e+01
-6.531695677399767419e+01
-6.523544087252282964e+01
-6.515450973901785403e+01
-6.507415268478766279e+01
-6.499435948917064820e+01
-6.491512036593648816e+01
-6.483642593274871047e+01
-6.475826718335731869e+01
-6.468063546222916216e+01
-6.460352244135916067e+01
-6.452692009903645953e+01
-6.445082070036674793e+01
-6.437521677937454001e+01
-6.430010112253036425e+01
-6.422546675356429091e+01
-6.415130691944389696e+01
-6.407761507740688955e+01
-6.400438488295161221e+01
-6.393161017869829266e+01
-6.385928498404319953e+01
-6.378740348553616712e+01
-6.371596002791871882e+01
-6.364494910576661368e+01
-6.357436535568608349e+01
-6.350420354901793019e+01
-6.343445858500834333e+01
-6.336512548440887116e+01
-6.329619938347177310e+01
-6.322767552830993765e+01
-6.315954926959352633e+01
-6.309181605755783551e+01
-6.302447143729924051e+01
-6.295751104433814760e+01
-6.289093060042952743e+01
-6.282472590960351511e+01
-6.275889285441978416e+01
-6.269342739242089380e+01
-6.262832555277103808e+01
-6.256358343306754932e+01
-6.249919719631376580e+01
-6.243516306804254157e+01
-6.237147733358059298e+01
-6.230813633544465091e+01
-6.224513647086106261e+01
-6.218247418940097049e+01
-6.212014599072399079e+01
-6.205814842242362062e+01
-6.199647807796821297e+01
-6.193513159473169338e+01
-6.187410565210867475e+01
-6.181339696970891850e+01
-6.175300230562645254e+01
-6.169291845477894043e+01
-6.163314224731323776e+01
-6.157367054707326304e+01
-6.151450025012650968e+01
-6.145562828334592353e+01
-6.139705160304381337e+01
-6.133876719365490970e+01
-6.128077206646563013e+01
-6.122306325838690810e+01
-6.116563783076808392e+01
-6.110849286824934268e+01
-6.105162547765058179e+01
-6.099503278689434183e+01
-6.093871194396094637e+01
-6.088266011587370485e+01
-6.082687448771239502e+01
-6.077135226165324156e+01
-6.071609065603363575e+01
-6.066108690443991946e+01
-6.060633825481673398e+01
-6.055184196859632095e+01
-6.049759531984639693e+01
-6.044359559443504537e+01
-6.038984008921138980e+01
-6.033632611120064837e+01
-6.028305097681218427e+01
-6.023001201105947189e+01
-6.017720654679056480e+01
-6.012463192392794298e+01
-6.007228548871648144e+01
-6.002016459297847462e+01
-5.996826659337445875e+01
-5.991658885066865992e+01
-5.986512872899812265e+01
-5.981388359514414077e+01
-5.976285081780503816e+01
-5.971202776686912728e+01
-5.966141181268671545e+01
-5.961100032534001514e+01
-5.956079067390985671e+01
-5.951078023181594290e+01
-5.946096639868746792e+01
-5.941134656655550117e+01
-5.936191811557901588e+01
-5.931267841767361659e+01
-5.926362483722452623e+01
-5.921475473102670861e+01
-5.916606544790330702e+01
-5.911755432815606071e+01
-5.906921870291364485e+01
-5.902105589341039860e+01
-5.897306321021279274e+01
-5.892523795240328610e+01
-5.887757740672682871e+01
-5.883007884670314525e+01
-5.878273953170587873e+01
-5.873555670600917011e+01
-5.868852759780111938e+01
-5.864164941816333965e+01
-5.859491936001527534e+01
-5.854833459705287169e+01
-5.850189229235334665e+01
-5.845558960325627851e+01
-5.840942365984320617e+01
-5.836339156452578436e+01
-5.831749039234982490e+01
-5.827171719039345277e+01
-5.822606897679039406e+01
-5.818054273954014377e+01
-5.813513543517000670e+01
-5.808984398727904619e+01
-5.804466528497921018e+01
-5.799959618124089644e+01
-5.795463349114590557e+01
-5.790977399004776061e+01
-5.786501441163778026e+01
-5.782035144591363718e+01
-5.777578173704642239e+01
-5.773130188114101458e+01
-5.768690842388417650e+01
-5.764259785807379188e+01
-5.759836662102227933e+01
-5.755421109182617556e+01
-5.751012758849368112e+01
-5.746611236492073260e+01
-5.742216160940117220e+01
-5.737827145292571629e+01
-5.733443795739430726e+01
-5.729065710429350133e+01
-5.724692479150764512e+01
-5.720323682976821544e+01
-5.715958893863373191e+01
-5.711597674208923792e+01
-5.707239576379541290e+01
-5.702884142199239648e+01
-5.698530902405153142e+01
-5.694179376066045961e+01
-5.689829069962205210e+01
-5.685479477924278058e+01
-5.681130080128243520e+01
-5.676780342343299424e+01
-5.672429715129060668e+01
-5.668077632978056357e+01
-5.663723513399063592e+01
-5.659366755936368065e+01
-5.655006741119485980e+01
-5.650642829337331818e+01
-5.646274359630167794e+01
-5.641900648391958839e+01
-5.637520987974951225e+01
-5.633134645272046015e+01
-5.628740861016489561e+01
-5.624338847812028774e+01
-5.619927787445661238e+01
-5.615506828795268746e+01
-5.611075085644856131e+01
-5.606631634311053602e+01
-5.602175511058454305e+01
-5.597705709282362108e+01
-5.593221176434772701e+01
-5.588720810666055172e+01
-5.584203457150985628e+01
-5.579667904063358463e+01
-5.575112878158332563e+01
-5.570537039915802069e+01
-5.565938978191259423e+01
-5.561317204312699403e+01
-5.556670145552811135e+01
-5.551996137894813188e+01
-5.547293417997438780e+01
-5.542560114249342007e+01
-5.537794236785158120e+01
-5.532993666313839043e+01
-5.528156141852209515e+01
-5.523279247588978791e+01
-5.518360396440215965e+01
-5.513396811510935436e+01
-5.508385505579657604e+01
-5.503323257793464052e+01
-5.498206587020521852e+01
-5.493031721250952160e+01
-5.487794562312860336e+01
-5.482490645008427066e+01
-5.477115089569090145e+01
-5.471662546066139043e+01
-5.466127129075776026e+01
-5.460502340461207638e+01
-5.454780977564711009e+01
-5.448955023352308302e+01
-5.443015514055527859e+01
-5.436952378784808815e+01
-5.430754244268366193e+01
-5.424408192083566860e+01
-5.417899455734445979e+01
-5.411211039993101224e+01
-5.404323236332099611e+01
-5.397212998120268423e+01
-5.389853123688377678e+01
-5.382211171508138392e+01
-5.374247994417184060e+01
-5.365915719923450666e+01
-5.357154904511974536e+01
-5.347890420351853180e+01
-5.338025331676765717e+01
-5.327431450357231313e+01
-5.315934151153581411e+01
-5.303286695908324333e+01
-5.289124006296150071e+01
-5.272872496223896377e+01
-5.253554506030094728e+01
-5.229296303872892082e+01
-5.195777686872586543e+01
-5.138970368909737374e+01
-4.951539916990426349e+01
-4.115777614051459210e+01
-2.875448817740445406e+01
5.337556486493042485e-01
2.850757477098667181e+01
2.372635741207130877e+01
1.456302383045973237e+01
5.765381343877917786e+00
-1.810418720589118458e+00
-8.307836505589246912e+00
-1.407530394426128773e+01
-1.942744424192402874e+01
-2.458358803280574989e+01
-2.975394011616180379e+01
-3.507872444676650048e+01
-4.037944006964340815e+01
-4.510076398608022430e+01
-4.874933259339995573e+01
-5.129731655865163020e+01
-5.304080341873347493e+01
-5.428272513992980208e+01
-5.521631591527255267e+01
-5.594890396385577702e+01
-5.654117425105284411e+01
-5.703013221433068480e+01
-5.744014650534110444e+01
-5.778824791145408568e+01
-5.808685391359604466e+01
-5.834529066648761386e+01
-5.857071291416685455e+01
-5.876870137740598210e+01
-5.894366943851898810e+01
-5.909914567686367803e+01
-5.923797429458112873e+01
-5.936246303168723415e+01
-5.947449781789673295e+01
-5.957563529326337459e+01
-5.966717854948267785e+01
-5.975023768366470023e+01
-5.982577542003069482e+01
-5.989463897259419412e+01
-5.995758096252601632e+01
-6.001527295028979836e+01
-6.006831465644766865e+01
-6.011724090417212096e+01
-6.016252739972885877e+01
-6.020459590225694058e+01
-6.024381904769435891e+01
-6.028052495201531258e+01
-6.031500164167706401e+01
-6.034750131019546160e+01
-6.037824437025221158e+01
-6.040742325840958671e+01
-6.043520595106051019e+01
-6.046173916061621156e+01
-6.048715119498503157e+01
-6.051155447735425241e+01
-6.053504773520027982e+01
-6.055771787679688600e+01
-6.057964158047040115e+01
-6.060088662680019667e+01
-6.062151300705917123e+01
-6.064157384243890192e+01
-6.066111614799216767e+01
-6.068018147287311592e+01
-6.069880644469596831e+01
-6.071702324117904936e+01
-6.073486000727715606e+01
-6.075234123126212182e+01
-6.076948808907854271e+01
-6.078631876298841519e+01
-6.080284873807347878e+01
-6.081909107851744523e+01
-6.083505668460351501e+01
-6.085075453087502240e+01
-6.086619188576132444e+01
-6.088137451303225589e+01
-6.089630685560751999e+01
-6.091099220243596335e+01
-6.092543283932751308e+01
-6.093963018474252635e+01
-6.095358491161389480e+01
-6.096729705630008311e+01
-6.098076611575375239e+01
-6.099399113395254801e+01
-6.100697077858637130e+01
-6.101970340893740286e+01
-6.103218713583024879e+01
-6.104441987447147255e+01
-6.105639939094136537e+01
-6.106812334304546397e+01
-6.107958931617740461e+01
-6.109079485478887506e+01
-6.110173749000490773e+01
-6.111241476386513938e+01
-6.112282425061445679e+01
-6.113296357541054249e+01
-6.114283043076294177e+01
-6.115242259096940813e+01
-6.116173792477158599e+01
-6.117077440641393338e+01
-6.117953012525792644e+01
-6.118800329407727645e+01
-6.119619225613956814e+01
-6.120409549116411796e+01
-6.121171162023433254e+01
-6.121903940973523817e+01
-6.122607777438118148e+01
-6.123282577939561122e+01
-6.123928264190242743e+01
-6.124544773158722677e+01
-6.125132057068569935e+01
-6.125690083335528158e+01
-6.126218834448535944e+01
-6.126718307799993113e+01
-6.127188515470471941e+01
-6.127629483972935986e+01
-6.128041253961256984e+01
-6.128423879907608551e+01
-6.128777429753044004e+01
-6.129101984535290626e+01
-6.129397637997524129e+01
-6.129664496181585065e+01
-6.129902677008831091e+01
-6.130112309851549668e+01
-6.130293535097579394e+01
-6.130446503710533790e+01
-6.130571376787790427e+01
-6.130668325118174522e+01
-6.130737528741054376e+01
-6.130779176508355022e+01
-6.130793465650852170e+01
-6.130780601349879788e+01
-6.130740796315492247e+01
-6.130674270371935819e+01
-6.130581250051169206e+01
-6.130461968195070455e+01
-6.130316663566841839e+01
-6.130145580472029820e+01
-6.129948968389518882e+01
-6.129727081612740847e+01
-6.129480178901303589e+01
-6.129208523143173437e+01
-6.128912381027488721e+01
-6.128592022728026478e+01
-6.128247721597330866e+01
-6.127879753871433621e+01
-6.127488398385103352e+01
-6.127073936297505696e+01
-6.126636650828142194e+01
-6.126176827002920078e+01
-6.125694751410174632e+01
-6.125190711966462942e+01
-6.124664997691922252e+01
-6.124117898494993284e+01
-6.123549704966284679e+01
-6.122960708181351919e+01
-6.122351199512166886e+01
-6.121721470447040758e+01
-6.121071812418764324e+01
-6.120402516640735513e+01
-6.119713873950821892e+01
-6.119006174662740705e+01
-6.118279708424707053e+01
-6.117534764085116450e+01
-6.116771629565043611e+01
-6.115990591737315185e+01
-6.115191936311937582e+01
-6.114375947727662464e+01
-6.113542909049463958e+01
-6.112693101871725787e+01
-6.111826806226923736e+01
-6.110944300499599535e+01
-6.110045861345431462e+01
-6.109131763615209110e+01
-6.108202280283518348e+01
-6.107257682381955988e+01
-6.106298238936699363e+01
-6.105324216910251778e+01
-6.104335881147197540e+01
-6.103333494323807429e+01
-6.102317316901332589e+01
-6.101287607082829112e+01
-6.100244620773381143e+01
-6.099188611543556959e+01
-6.098119830595978641e+01
-6.097038526734861108e+01
-6.095944946338390480e+01
-6.094839333333827369e+01
-6.093721929175197261e+01
-6.092592972823467079e+01
-6.091452700729089287e+01
-6.090301346816804795e+01
-6.089139142472602373e+01
-6.087966316532730815e+01
-6.086783095274673627e+01
-6.085589702409986046e+01
-6.084386359078911255e+01
-6.083173283846682722e+01
-6.081950692701436623e+01
-6.080718799053651225e+01
-6.079477813737036485e+01
-6.078227945010802813e+01
-6.076969398563235103e+01
-6.075702377516508079e+01
-6.074427082432671909e+01
-6.073143711320754790e+01
-6.071852459644911448e+01
-6.070553520333573516e+01
-6.069247083789529285e+01
-6.067933337900897328e+01
-6.066612468052932883e+01
-6.065284657140620084e+01
-6.063950085582005300e+01
-6.062608931332229645e+01
-6.061261369898207363e+01
-6.059907574353922399e+01
-6.058547715356293395e+01
-6.057181961161580830e+01
-6.055810477642285861e+01
-6.054433428304518117e+01
-6.053050974305797638e+01
-6.051663274473254717e+01
-6.050270485322201353e+01
-6.048872761075047322e+01
-6.047470253680529595e+01
-6.046063112833228814e+01
-6.044651485993353646e+01
-6.043235518406762452e+01
-6.041815353125200971e+01
-6.040391131026739657e+01
-6.038962990836380129e+01
-6.037531069146821494e+01
-6.036095500439361672e+01
-6.034656417104912407e+01
-6.033213949465121573e+01
-6.031768225793576477e+01
-6.030319372337078221e+01
-6.028867513336967932e+01
-6.027412771050495621e+01
-6.025955265772214631e+01
-6.024495115855393834e+01
-6.023032437733424871e+01
-6.021567345941228666e+01
-6.020099953136634952e+01
-6.018630370121736917e+01
-6.017158705864200385e+01
-6.015685067518528228e+01
-6.014209560447264380e+01
-6.012732288242131062e+01
-6.011253352745093537e+01
-6.009772854069338877e+01
-6.008290890620173030e+01
-6.006807559115816275e+01
-6.005322954608101327e+01
-6.003837170503057763e+01
-6.002350298581394128e+01
-6.000862429018852851e+01
-5.999373650406443659e+01
-5.997884049770554782e+01
-5.996393712592927017e+01
-5.994902722830492792e+01
-5.993411162935081649e+01
-5.991919113872971536e+01
-5.990426655144308654e+01
-5.988933864802364582e+01
-5.987440819472649878e+01
-5.985947594371872071e+01
-5.984454263326737333e+01
-5.982960898792588722e+01
-5.981467571871890954e+01
-5.979974352332548193e+01
-5.978481308626059132e+01
-5.976988507905507220e+01
-5.975496016043381786e+01
-5.974003897649235739e+01
-5.972512216087170600e+01
-5.971021033493153141e+01
-5.969530410792161490e+01
-5.968040407715161422e+01
-5.966551082815909268e+01
-5.965062493487585726e+01
-5.963574695979253448e+01
-5.962087745412146944e+01
-5.960601695795787691e+01
-5.959116600043924450e+01
-5.957632509990310155e+01
-5.956149476404295484e+01
-5.954667549006257588e+01
-5.953186776482858278e+01
-5.951707206502125302e+01
-5.950228885728368766e+01
-5.948751859836926315e+01
-5.947276173528736365e+01
-5.945801870544744361e+01
-5.944328993680143469e+01
-5.942857584798442616e+01
-5.941387684845374650e+01
-5.939919333862629713e+01
-5.938452571001437974e+01
-5.936987434535972596e+01
-5.935523961876600652e+01
-5.934062189582970603e+01
-5.932602153376934240e+01
-5.931143888155315835e+01
-5.929687428002516469e+01
-5.928232806202965577e+01
-5.926780055253411916e+01
-5.925329206875065324e+01
-5.923880292025575756e+01
-5.922433340910870925e+01
-5.920988382996831945e+01
-5.919545447020822593e+01
-5.918104561003073627e+01
-5.916665752257912203e+01
-5.915229047404851315e+01
-5.913794472379527889e+01
-5.912362052444503746e+01
-5.910931812199918056e+01
-5.909503775594002661e+01
-5.908077965933454578e+01
-5.906654405893674209e+01
-5.905233117528860021e+01
-5.903814122281972487e+01
-5.902397440994564448e+01
-5.900983093916471489e+01
-5.899571100715377980e+01
-5.898161480486249530e+01
-5.896754251760634702e+01
-5.895349431908367421e+01
-5.893947030672519105e+01
-5.892547056472202627e+01
-5.891149520248477955e+01
-5.889754433825898872e+01
-5.888361809358313081e+01
-5.886971659070072604e+01
-5.885583995111382904e+01
-5.884198829469601577e+01
-5.882816173911755442e+01
-5.881436039946004968e+01
-5.880058438795271059e+01
-5.878683381379026684e+01
-5.877310878300755093e+01
-5.875940939839438926e+01
-5.874573575943997383e+01
-5.873208796229912565e+01
-5.871846609977502851e+01
-5.870487026131466735e+01
-5.869130053301405781e+01
-5.867775699763119945e+01
-5.866423973460503305e+01
-5.865074882007925794e+01
-5.863728432693000059e+01
-5.862384632479654556e+01
-5.861043488011454627e+01
-5.859705005615124662e+01
-5.858369191304225154e+01
-5.857036050782959791e+01
-5.855705589450078463e+01
-5.854377812402862702e+01
-5.853052724441168664e+01
-5.851730330071509201e+01
-5.850410633511175007e+01
-5.849093638692372110e+01
-5.847779349266367177e+01
-5.846467768607638504e+01
-5.845158899818026299e+01
-5.843852745730865195e+01
-5.842549308915110373e+01
-5.841248591679436686e+01
-5.839950596076322853e+01
-5.838655323906104400e+01
-5.837362776720998170e+01
-5.836072955829099129e+01
-5.834785862298343062e+01
-5.833501496960430899e+01
-5.832219860414721069e+01
-5.830940953032082774e+01
-5.829664774958710183e+01
-5.828391326119898253e+01
-5.827120606223775923e+01
-5.825852614765003068e+01
-5.824587351028417714e+01
-5.823324814092649859e+01
-5.822065002833689817e+01
-5.820807915928411091e+01
-5.819553551858055584e+01
-5.818301908911670495e+01
-5.817052985189508973e+01
-5.815806778606380334e+01
-5.814563286894964023e+01
-5.813322507609075984e+01
-5.812084438126895947e+01
-5.810849075654147100e+01
-5.809616417227240959e+01
-5.808386459716371775e+01
-5.807159199828575424e+01
-5.805934634110741399e+01
-5.804712758952588558e+01
-5.803493570589593276e+01
-5.802277065105884901e+01
-5.801063238437090774e+01
-5.799852086373149262e+01
-5.798643604561078746e+01
-5.797437788507707523e+01
-5.796234633582363927e+01
-5.795034135019528065e+01
-5.793836287921447337e+01
-5.792641087260706456e+01
-5.791448527882769781e+01
-5.790258604508476026e+01
-5.789071311736503134e+01
-5.787886644045793361e+01
-5.786704595797940698e+01
-5.785525161239545611e+01
-5.784348334504530698e+01
-5.783174109616422953e+01
-5.782002480490604057e+01
-5.780833440936515899e+01
-5.779666984659846918e+01
-5.778503105264669415e+01
-5.777341796255557682e+01
-5.776183051039661365e+01
-5.775026862928751825e+01
-5.773873225141237242e+01
-5.772722130804143603e+01
-5.771573572955064435e+01
-5.770427544544077136e+01
-5.769284038435637285e+01
-5.768143047410429602e+01
-5.767004564167199732e+01
-5.765868581324552622e+01
-5.764735091422717517e+01
-5.763604086925292336e+01
-5.762475560220950399e+01
-5.761349503625128676e+01
-5.760225909381676956e+01
-5.759104769664489254e+01
-5.757986076579104662e+01
-5.756869822164277650e+01
-5.755755998393527761e+01
-5.754644597176658039e+01
-5.753535610361251429e+01
-5.752429029734142318e+01
-5.751324847022853959e+01
-5.750223053897025238e+01
-5.749123641969801923e+01
-5.748026602799205165e+01
-5.746931927889481528e+01
-5.745839608692425315e+01
-5.744749636608675303e+01
-5.743662002988993720e+01
-5.742576699135520357e+01
-5.741493716303001094e+01
-5.740413045700000083e+01
-5.739334678490085651e+01
-5.738258605792996292e+01
-5.737184818685785359e+01
-5.736113308203943006e+01
-5.735044065342501085e+01
-5.733977081057114589e+01
-5.732912346265122494e+01
-5.731849851846592969e+01
-5.730789588645341581e+01
-5.729731547469936714e+01
-5.728675719094685803e+01
-5.727622094260594565e+01
-5.726570663676318418e+01
-5.725521418019089026e+01
-5.724474347935622376e+01
-5.723429444043013348e+01
-5.722386696929606842e+01
-5.721346097155858246e+01
-5.720307635255169032e+01
-5.719271301734712409e+01
-5.718237087076238367e+01
-5.717204981736860958e+01
-5.716174976149832787e+01
-5.715147060725303874e+01
-5.714121225851057062e+01
-5.713097461893240592e+01
-5.712075759197070113e+01
-5.711056108087529282e+01
-5.710038498870046197e+01
-5.709022921783764559e+01
-5.708009366585611843e+01
-5.706997822933232101e+01
-5.705988280632782050e+01
-5.704980729568664088e+01
-5.703975159671698236e+01
-5.702971560902138748e+01
-5.701969923239337135e+01
-5.700970236674999825e+01
-5.699972491208618663e+01
-5.698976676844291234e+01
-5.697982783588462752e+01
-5.696990801448311004e+01
-5.696000720430575370e+01
-5.695012530540714835e+01
-5.694026221782301178e+01
-5.693041784156584129e+01
-5.692059207662197196e+01
-5.691078482294957297e+01
-5.690099598047748941e+01
-5.689122544910463120e+01
-5.688147312869986649e+01
-5.687173891910228463e+01
-5.686202272012173609e+01
-5.685232443153961412e+01
-5.684264395310980689e+01
-5.683298118455975612e+01
-5.682333602559169350e+01
-5.681370837588387701e+01
-5.680409813509193384e+01
-5.679450520285023174e+01
-5.678492947877322194e+01
-5.677537086245690290e+01
-5.676582925348016317e+01
-5.675630455140620256e+01
-5.674679665578388210e+01
-5.673730546614908121e+01
-5.672783088202602642e+01
-5.671837280292857741e+01
-5.670893112836144212e+01
-5.669950575782144853e+01
-5.669009659079865315e+01
-5.668070352677747792e+01
-5.667132646523780437e+01
-5.666196530565594713e+01
-5.665261994750567709e+01
-5.664329029025908824e+01
-5.663397623338748588e+01
-5.662467767636218952e+01
-5.661539451865526473e+01
-5.660612665974022661e+01
-5.659687399909267924e+01
-5.658763643619089834e+01
-5.657841387051632154e+01
-5.656920620155402446e+01
-5.656001332879311150e+01
-5.655083515172708530e+01
-5.654167156985408837e+01
-5.653252248267713043e+01
-5.652338778970429445e+01
-5.651426739044876513e+01
-5.650516118442894253e+01
-5.649606907116837817e+01
-5.648699095019571104e+01
-5.647792672104454681e+01
-5.646887628325323050e+01
-5.645983953636462616e+01
-5.645081637992577583e+01
-5.644180671348753719e+01
-5.643281043660416429e+01
-5.642382744883279599e+01
-5.641485764973290884e+01
-5.640590093886571310e+01
-5.639695721579350618e+01
-5.638802638007891943e+01
-5.637910833128415078e+01
-5.637020296897010496e+01
-5.636131019269554088e+01
-5.635242990201605551e+01
-5.634356199648313179e+01
-5.633470637564300887e+01
-5.632586293903561625e+01
-5.631703158619332328e+01
-5.630821221663975962e+01
-5.629940472988847233e+01
-5.629060902544159717e+01
-5.628182500278843037e+01
-5.627305256140395784e+01
-5.626429160074735591e+01
-5.625554202026037132e+01
-5.624680371936570822e+01
-5.623807659746534426e+01
-5.622936055393874710e+01
-5.622065548814107672e+01
-5.621196129940133801e+01
-5.620327788702045524e+01
-5.619460515026927538e+01
-5.618594298838655732e+01
-5.617729130057686149e+01
-5.616864998600843251e+01
-5.616001894381096804e+01
-5.615139807307337350e+01
-5.614278727284143855e+01
-5.613418644211546393e+01
-5.612559547984783848e+01
-5.611701428494053800e+01
-5.610844275624259581e+01
-5.609988079254748783e+01
-5.609132829259047526e+01
-5.608278515504587602e+01
-5.607425127852432212e+01
-5.606572656156987478e+01
-5.605721090265716811e+01
-5.604870420018845323e+01
-5.604020635249056426e+01
-5.603171725781187007e+01
-5.602323681431913371e+01
-5.601476492009431496e+01
-5.600630147313133733e+01
-5.599784637133276988e+01
-5.598939951250643787e+01
-5.598096079436200512e+01
-5.597253011450747096e+01
-5.596410737044561756e+01
-5.595569245957038618e+01
-5.594728527916318939e+01
-5.593888572638915235e+01
-5.593049369829333273e+01
-5.592210909179679135e+01
-5.591373180369272688e+01
-5.590536173064236891e+01
-5.589699876917098464e+01
-5.588864281566371517e+01
-5.588029376636132639e+01
-5.587195151735598841e+01
-5.586361596458689149e+01
-5.585528700383585488e+01
-5.584696453072280775e+01
-5.583864844070125599e+01
-5.583033862905365652e+01
-5.582203499088669929e+01
-5.581373742112653957e+01
-5.580544581451393782e+01
-5.579716006559936403e+01
-5.578888006873796712e+01
-5.578060571808450163e+01
-5.577233690758819051e+01
-5.576407353098747421e+01
-5.575581548180471003e+01
-5.574756265334076488e+01
-5.573931493866955122e+01
-5.573107223063246352e+01
-5.572283442183273650e+01
-5.571460140462971822e+01
-5.570637307113305781e+01
-5.569814931319680795e+01
-5.568993002241342793e+01
-5.568171509010771558e+01
-5.567350440733063266e+01
-5.566529786485303788e+01
-5.565709535315934176e+01
-5.564889676244104066e+01
-5.564070198259020117e+01
-5.563251090319278092e+01
-5.562432341352189269e+01
-5.561613940253099031e+01
-5.560795875884686978e+01
-5.559978137076267046e+01
-5.559160712623067724e+01
-5.558343591285508722e+01
-5.557526761788460590e+01
-5.556710212820498640e+01
-5.555893933033144094e+01
-5.555077911040090299e+01
-5.554262135416421842e+01
-5.553446594697818739e+01
-5.552631277379751396e+01
-5.551816171916661347e+01
-5.551001266721129213e+01
-5.550186550163031995e+01
-5.549372010568684033e+01
-5.548557636219970846e+01
-5.547743415353462382e+01
-5.546929336159519863e+01
-5.546115386781380607e+01
-5.545301555314237163e+01
-5.544487829804297974e+01
-5.543674198247831697e+01
-5.542860648590202288e+01
-5.542047168724882056e+01
-5.541233746492454770e+01
-5.540420369679601720e+01
-5.539607026018070712e+01
-5.538793703183628736e+01
-5.537980388794998987e+01
-5.537167070412780845e+01
-5.536353735538354215e+01
-5.535540371612761845e+01
-5.534726966015578142e+01
-5.533913506063758803e+01
-5.533099979010469838e+01
-5.532286372043899547e+01
-5.531472672286051306e+01
-5.530658866791515038e+01
-5.529844942546220921e+01
-5.529030886466171069e+01
-5.528216685396149899e+01
-5.527402326108413888e+01
-5.526587795301359307e+01
-5.525773079598168636e+01
-5.524958165545433530e+01
-5.524143039611755057e+01
-5.523327688186318341e+01
-5.522512097577447321e+01
-5.521696254011131089e+01
-5.520880143629524639e+01
-5.520063752489429021e+01
-5.519247066560740933e+01
-5.518430071724875319e+01
-5.517612753773163803e+01
-5.516795098405222575e+01
-5.515977091227291851e+01
-5.515158717750800577e+01
-5.514339963410551348e+01
-5.513520813578089985e+01
-5.512701253522290301e+01
-5.511881268403864453e+01
-5.511060843275522103e+01
-5.510239963081338743e+01
-5.509418612655657910e+01
-5.508596776721718413e+01
-5.507774439890081197e+01
-5.506951586656914088e+01
-5.506128201402160016e+01
-5.505304268387617128e+01
-5.504479771754937900e+01
-5.503654695523560747e+01
-5.502829023588577684e+01
-5.502002739718552249e+01
-5.501175827553275610e+01
-5.500348270601469380e+01
-5.499520052238449352e+01
-5.498691155703721023e+01
-5.497861564098538878e+01
-5.497031260383405993e+01
-5.496200227375527447e+01
-5.495368447746208318e+01
-5.494535904018199801e+01
-5.493702578562994887e+01
-5.492868453598060086e+01
-5.492033511184024519e+01
-5.491197733221800092e+01
-5.490361101449650505e+01
-5.489523597440197733e+01
-5.488685202597370250e+01
-5.487845898153282320e+01
-5.487005665165060719e+01
-5.486164484511593287e+01
-5.485322336890222061e+01
-5.484479202813358256e+01
-5.483635062605033994e+01
-5.482789896397380858e+01
-5.481943684127028149e+01
-5.481096405531435067e+01
-5.480248040145138333e+01
-5.479398567295923783e+01
-5.478547966100914124e+01
-5.477696215462574258e+01
-5.476843294064629220e+01
-5.475989180367898257e+01
-5.475133852606030160e+01
-5.474277288781155448e+01
-5.473419466659433397e+01
-5.472560363766511671e+01
-5.471699957382874402e+01
-5.470838224539094341e+01
-5.469975142010979852e+01
-5.469110686314603953e+01
-5.468244833701233176e+01
-5.467377560152132077e+01
-5.466508841373253347e+01
-5.465638652789807850e+01
-5.464766969540707464e+01
-5.463893766472877189e+01
-5.463019018135442906e+01
-5.462142698773774896e+01
-5.461264782323397782e+01
-5.460385242403751960e+01
-5.459504052311810796e+01
-5.458621185015546473e+01
-5.457736613147235971e+01
-5.456850308996607168e+01
-5.455962244503822234e+01
-5.455072391252285513e+01
-5.454180720461280885e+01
-5.453287202978423664e+01
-5.452391809271929191e+01
-5.451494509422688139e+01
-5.450595273116147155e+01
-5.449694069633979865e+01
-5.448790867845553265e+01
-5.447885636199178805e+01
-5.446978342713132548e+01
-5.446068954966455777e+01
-5.445157440089512590e+01
-5.444243764754300940e+01
-5.443327895164519958e+01
-5.442409797045369402e+01
-5.441489435633084071e+01
-5.440566775664190402e+01
-5.439641781364478845e+01
-5.438714416437678523e+01
-5.437784644053831329e+01
-5.436852426837346997e+01
-5.435917726854735577e+01
-5.434980505602005252e+01
-5.434040723991712696e+01
-5.433098342339653186e+01
-5.432153320351184078e+01
-5.431205617107162453e+01
-5.430255191049486996e+01
-5.429301999966236281e+01
-5.428346000976372920e+01
-5.427387150514022807e+01
-5.426425404312288236e+01
-5.425460717386603449e+01
-5.424493044017597754e+01
-5.423522337733458443e+01
-5.422548551291771446e+01
-5.421571636660829085e+01
-5.420591545000370814e+01
-5.419608226641749837e+01
-5.418621631067502165e+01
-5.417631706890291099e+01
-5.416638401831207261e+01
-5.415641662697399994e+01
-5.414641435359020250e+01
-5.413637664725435172e+01
-5.412630294720705848e+01
-5.411619268258284166e+01
-5.410604527214906767e+01
-5.409586012403654109e+01
-5.408563663546140532e+01
-5.407537419243804777e+01
-5.406507216948261174e+01
-5.405472992930678799e+01
-5.404434682250145983e+01
-5.403392218720981788e+01
-5.402345534878956101e+01
-5.401294561946360773e+01
-5.400239229795901963e+01
-5.399179466913354020e+01
-5.398115200358924426e+01
-5.397046355727282929e+01
-5.395972857106188059e+01
-5.394894627033663426e+01
-5.393811586453654883e+01
-5.392723654670098909e+01
-5.391630749299349645e+01
-5.390532786220872197e+01
-5.389429679526148220e+01
-5.388321341465691461e+01
-5.387207682394110719e+01
-5.386088610713118641e+01
-5.384964032812399637e+01
-5.383833853008236758e+01
-5.382697973479795905e+01
-5.381556294202962931e+01
-5.380408712881608579e+01
-5.379255124876176097e+01
-5.378095423129447994e+01
-5.376929498089376125e+01
-5.375757237628812391e+01
-5.374578526962011438e+01
-5.373393248557729152e+01
-5.372201282048765592e+01
-5.371002504137759814e+01
-5.369796788499061080e+01
-5.368584005676473936e+01
-5.367364022976665439e+01
-5.366136704358013532e+01
-5.364901910314661393e+01
-5.363659497755521244e+01
-5.362409319877971114e+01
-5.361151226035951822e+01
-5.359885061602171419e+01
-5.358610667824095231e+01
-5.357327881673373327e+01
-5.356036535688366484e+01
-5.354736457809351435e+01
-5.353427471206032351e+01
-5.352109394096886774e+01
-5.350782039559904035e+01
-5.349445215334205272e+01
-5.348098723612011440e+01
-5.346742360820401530e+01
-5.345375917392235721e+01
-5.343999177525607536e+01
-5.342611918931112314e+01
-5.341213912566197308e+01
-5.339804922355784811e+01
-5.338384704898302147e+01
-5.336953009156205496e+01
-5.335509576129992126e+01
-5.334054138514641608e+01
-5.332586420337322863e+01
-5.331106136612220325e+01
-5.329612993080257155e+01
-5.328106685676367249e+01
-5.326586900002259028e+01
-5.325053310847393817e+01
-5.323505581687028609e+01
-5.321943364150588707e+01
-5.320366297457935900e+01
-5.318774007821168226e+01
-5.317166107809454445e+01
-5.315542195674196790e+01
-5.313901854631581045e+01
-5.312244652099310827e+01
-5.310570138884028779e+01
-5.308877848315592729e+01
-5.307167295324012457e+01
-5.305437975454453436e+01
-5.303689363815274049e+01
-5.301920913953561154e+01
-5.300132056652095258e+01
-5.298322198641062641e+01
-5.296490721217158182e+01
-5.294636978761968749e+01
-5.292760297150675086e+01
-5.290859972041187831e+01
-5.288935267032731247e+01
-5.286985411681746427e+01
-5.285009599361593047e+01
-5.283006984951046547e+01
-5.280976682334853933e+01
-5.278917761697687183e+01
-5.276829246590600775e+01
-5.274710110746624991e+01
-5.272559274619246850e+01
-5.270375601614274785e+01
-5.268157893981841511e+01
-5.265904888331015599e+01
-5.263615250724557626e+01
-5.261287571305652477e+01
-5.258920358401894646e+01
-5.256512032044144433e+01
-5.254060916829022432e+01
-5.251565234043447816e+01
-5.249023092957541081e+01
-5.246432481177983931e+01
-5.243791253937234842e+01
-5.241097122174232936e+01
-5.238347639238797626e+01
-5.235540186024077514e+01
-5.232671954298088934e+01
-5.229739927965437829e+01
-5.226740861942211325e+01
-5.223671258268745987e+01
-5.220527339014195434e+01
-5.217305015440243210e+01
-5.213999852785016031e+01
-5.210607029896925013e+01
-5.207121292785047473e+01
-5.203536900948723343e+01
-5.199847565092507296e+01
-5.196046374507600518e+01
-5.192125711986174963e+01
-5.188077153601623337e+01
-5.183891349996153508e+01
-5.179557884912292565e+01
-5.175065105529838405e+01
-5.170399918073939460e+01
-5.165547538928331051e+01
-5.160491188125871531e+01
-5.155211710430474881e+01
-5.149687101911413123e+01
-5.143891911906835901e+01
-5.137796478681575252e+01
-5.131365939840129187e+01
-5.124558932615933315e+01
-5.117325859277711686e+01
-5.109606530037010685e+01
-5.101326893957840269e+01
-5.092394397908413595e+01
-5.082691217875024847e+01
-5.072064072034913806e+01
-5.060308308971879399e+01
-5.047141920349294963e+01
-5.032160719148619421e+01
-5.014755548788680528e+01
-4.993945231401794160e+01
-4.967996899721888582e+01
-4.933403061056046113e+01
-4.881281122420387675e+01
-4.776541385915658111e+01
-4.319924045982110528e+01
-3.340601750956556515e+01
-1.884185832433333729e+01
1.445507845814960746e+01
2.204096043130254401e+01
1.483594670861057629e+01
6.335308397759160215e+00
-1.189155055842469721e+00
-7.621281312854745416e+00
-1.324699813302791185e+01
-1.838267875511266425e+01
-2.326161608898332034e+01
-2.800664487766974631e+01
-3.269052422688530157e+01
-3.727421258261412618e+01
-4.153819266717854930e+01
-4.518411871194034291e+01
-4.803564995286971850e+01
-5.013975528012926475e+01
-5.168048228397166355e+01
-5.284133683175141272e+01
-5.374955353941496838e+01
-5.448316762205486441e+01
-5.509011262228318628e+01
-5.560139197931303556e+01
-5.603822328114006268e+01
-5.641581101754076855e+01
-5.674543062921944880e+01
-5.703566420841647755e+01
-5.729318083648244198e+01
-5.752325185075633129e+01
-5.773010189328370245e+01
-5.791715455015727798e+01
-5.808720913598312308e+01
-5.824257194034542096e+01
-5.838515672491737263e+01
-5.851656363149923124e+01
-5.863814204682319797e+01
-5.875104076056353364e+01
-5.885624751557017476e+01
-5.895461951610818829e+01
-5.904690638541355696e+01
-5.913376714915121113e+01
-5.921578281689765078e+01
-5.929346595078503412e+01
-5.936726830277913791e+01
-5.943758727003721276e+01
-5.950477163443778039e+01
-5.956912684485873655e+01
-5.963091996469688638e+01
-5.969038432565137953e+01
-5.974772388442916338e+01
-5.980311725798095779e+01
-5.985672140582362033e+01
-5.990867492958513907e+01
-5.995910096756566787e+01
-6.000810967452670752e+01
-6.005580029261712127e+01
-6.010226283605139486e+01
-6.014757942714807371e+01
-6.019182533224842757e+01
-6.023506975155953569e+01
-6.027737641706497840e+01
-6.031880404830762643e+01
-6.035940670859800150e+01
-6.039923409562366174e+01
-6.043833179184633053e+01
-6.047674149237299446e+01
-6.051450122165106649e+01
-6.055164554549958922e+01
-6.058820578154956848e+01
-6.062421020890331391e+01
-6.065968427646687644e+01
-6.069465080870681106e+01
-6.072913020731589029e+01
-6.076314064727802844e+01
-6.079669826598158267e+01
-6.082981734426468989e+01
-6.086251047853639307e+01
-6.089478874337320491e+01
-6.092666184422598263e+01
-6.095813826007702829e+01
-6.098922537605916716e+01
-6.101992960618596129e+01
-6.105025650644837754e+01
-6.108021087861047249e+01
-6.110979686509131881e+01
-6.113901803535571844e+01
-6.116787746425868022e+01
-6.119637780280088180e+01
-6.122452134175838978e+01
-6.125231006865146099e+01
-6.127974571851581942e+01
-6.130682981893593819e+01
-6.133356372979341842e+01
-6.135994867817487375e+01
-6.138598578887247470e+01
-6.141167611089584710e+01
-6.143702064039741373e+01
-6.146202034039329476e+01
-6.148667615764022543e+01
-6.151098903700449227e+01
-6.153495993363354444e+01
-6.155858982321399964e+01
-6.158187971057257215e+01
-6.160483063684914384e+01
-6.162744368544463214e+01
-6.164971998692035271e+01
-6.167166072300148016e+01
-6.169326712981479233e+01
-6.171454050047015016e+01
-6.173548218707733781e+01
-6.175609360227361577e+01
-6.177637622032396081e+01
-6.179633157784441977e+01
-6.181596127418975328e+01
-6.183526697153901353e+01
-6.185425039470702302e+01
-6.187291333070525212e+01
-6.189125762807254461e+01
-6.190928519599371072e+01
-6.192699800322284887e+01
-6.194439807682685739e+01
-6.196148750076449119e+01
-6.197826841431565725e+01
-6.199474301037553658e+01
-6.201091353362807723e+01
-6.202678227861308358e+01
-6.204235158770093506e+01
-6.205762384898886808e+01
-6.207260149413198747e+01
-6.208728699612218804e+01
-6.210168286702714369e+01
-6.211579165570126548e+01
-6.212961594547960686e+01
-6.214315835186505410e+01
-6.215642152021839451e+01
-6.216940812346002332e+01
-6.218212085979122605e+01
-6.219456245044239751e+01
-6.220673563745443602e+01
-6.221864318149921758e+01
-6.223028785974401700e+01
-6.224167246376426732e+01
-6.225279979750832382e+01
-6.226367267531733063e+01
-6.227429392000278341e+01
-6.228466636098374920e+01
-6.229479283248537058e+01
-6.230467617179984785e+01
-6.231431921761059556e+01
-6.232372480837999262e+01
-6.233289578080094628e+01
-6.234183496831203541e+01
-6.235054519967578557e+01
-6.235902929761961389e+01
-6.236729007753848464e+01
-6.237533034625845829e+01
-6.238315290085991194e+01
-6.239076052755935820e+01
-6.239815600064840595e+01
-6.240534208148862660e+01
-6.241232151756079105e+01
-6.241909704156695682e+01
-6.242567137058394167e+01
-6.243204720526658491e+01
-6.243822722909922618e+01
-6.244421410769373182e+01
-6.245001048813266209e+01
-6.245561899835576014e+01
-6.246104224658842696e+01
-6.246628282081041306e+01
-6.247134328826338390e+01
-6.247622619499566810e+01
-6.248093406544285244e+01
-6.248546940204269617e+01
-6.248983468488295046e+01
-6.249403237138074019e+01
-6.249806489599204440e+01
-6.250193466995015967e+01
-6.250564408103162606e+01
-6.250919549334857095e+01
-6.251259124716618487e+01
-6.251583365874413545e+01
-6.251892502020086084e+01
-6.252186759939964844e+01
-6.252466363985534059e+01
-6.252731536066082896e+01
-6.252982495643216510e+01
-6.253219459727151275e+01
-6.253442642874694002e+01
-6.253652257188817742e+01
-6.253848512319751052e+01
-6.254031615467507521e+01
-6.254201771385763209e+01
-6.254359182387019445e+01
-6.254504048348974976e+01
-6.254636566722039248e+01
-6.254756932537920022e+01
-6.254865338419224230e+01
-6.254961974590009532e+01
-6.255047028887232585e+01
-6.255120686773031480e+01
-6.255183131347799019e+01
-6.255234543363985011e+01
-6.255275101240592761e+01
-6.255304981078309368e+01
-6.255324356675235009e+01
-6.255333399543166450e+01
-6.255332278924394274e+01
-6.255321161808975461e+01
-6.255300212952444383e+01
-6.255269594893928797e+01
-6.255229467974633195e+01
-6.255179990356668895e+01
-6.255121318042181855e+01
-6.255053604892771801e+01
-6.254977002649155082e+01
-6.254891660951060572e+01
-6.254797727357324533e+01
-6.254695347366165237e+01
-6.254584664435615338e+01
-6.254465820004083554e+01
-6.254338953511041410e+01
-6.254204202417797376e+01
-6.254061702228352004e+01
-6.253911586510318443e+01
-6.253753986915878471e+01
-6.253589033202776903e+01
-6.253416853255326657e+01
-6.253237573105415237e+01
-6.253051316953499850e+01
-6.252858207189582629e+01
-6.252658364414141801e+01
-6.252451907459024483e+01
-6.252238953408280508e+01
-6.252019617618929459e+01
-6.251794013741652378e+01
-6.251562253741401065e+01
-6.251324447917914284e+01
-6.251080704926136633e+01
-6.250831131796530116e+01
-6.250575833955273453e+01
-6.250314915244339886e+01
-6.250048477941457037e+01
-6.249776622779929625e+01
-6.249499448968332871e+01
-6.249217054210062372e+01
-6.248929534722743995e+01
-6.248636985257493848e+01
-6.248339499118028328e+01
-6.248037168179619272e+01
-6.247730082907892779e+01
-6.247418332377465333e+01
-6.247102004290419330e+01
-6.246781184994613767e+01
-6.246455959501826527e+01
-6.246126411505726850e+01
-6.245792623399682242e+01
-6.245454676294385621e+01
-6.245112650035315482e+01
-6.244766623220020563e+01
-6.244416673215226155e+01
-6.244062876173767762e+01
-6.243705307051348541e+01
-6.243344039623114128e+01
-6.242979146500058363e+01
-6.242610699145243558e+01
-6.242238767889848816e+01
-6.241863421949036450e+01
-6.241484729437645740e+01
-6.241102757385701949e+01
-6.240717571753756943e+01
-6.240329237448046484e+01
-6.239937818335474162e+01
-6.239543377258421231e+01
-6.239145976049375264e+01
-6.238745675545396807e+01
-6.238342535602397021e+01
-6.237936615109256877e+01
-6.237527972001764454e+01
-6.237116663276389517e+01
-6.236702745003879755e+01
-6.236286272342699988e+01
-6.235867299552289467e+01
-6.235445880006167840e+01
-6.235022066204862767e+01
-6.234595909788684054e+01
-6.234167461550324418e+01
-6.233736771447311042e+01
-6.233303888614286592e+01
-6.232868861375136049e+01
-6.232431737254955095e+01
-6.231992562991863593e+01
-6.231551384548662043e+01
-6.231108247124336685e+01
-6.230663195165410428e+01
-6.230216272377145970e+01
-6.229767521734598290e+01
-6.229316985493517933e+01
-6.228864705201112173e+01
-6.228410721706658393e+01
-6.227955075171974642e+01
-6.227497805081748083e+01
-6.227038950253727023e+01
-6.226578548848766559e+01
-6.226116638380744206e+01
-6.225653255726337676e+01
-6.225188437134664099e+01
-6.224722218236794902e+01
-6.224254634055128577e+01
-6.223785719012645501e+01
-6.223315506942022068e+01
-6.222844031094630424e+01
-6.222371324149401062e+01
-6.221897418221570319e+01
-6.221422344871299259e+01
-6.220946135112177444e+01
-6.220468819419600237e+01
-6.219990427739034544e+01
-6.219510989494162345e+01
-6.219030533594913379e+01
-6.218549088445381301e+01
-6.218066681951627572e+01
-6.217583341529373087e+01
-6.217099094111586055e+01
-6.216613966155951942e+01
-6.216127983652246769e+01
-6.215641172129593883e+01
-6.215153556663629075e+01
-6.214665161883549160e+01
-6.214176011979069614e+01
-6.213686130707278465e+01
-6.213195541399387878e+01
-6.212704266967394062e+01
-6.212212329910634168e+01
-6.211719752322254351e+01
-6.211226555895579793e+01
-6.210732761930392343e+01
-6.210238391339119346e+01
-6.209743464652928679e+01
-6.209248002027737101e+01
-6.208752023250131913e+01
-6.208255547743201674e+01
-6.207758594572283783e+01
-6.207261182450631765e+01
-6.206763329744990898e+01
-6.206265054481098531e+01
-6.205766374349101255e+01
-6.205267306708891795e+01
-6.204767868595369151e+01
-6.204268076723614911e+01
-6.203767947494004176e+01
-6.203267496997229102e+01
-6.202766741019255647e+01
-6.202265695046203575e+01
-6.201764374269153990e+01
-6.201262793588887234e+01
-6.200760967620549735e+01
-6.200258910698249792e+01
-6.199756636879585869e+01
-6.199254159950108800e+01
-6.198751493427714365e+01
-6.198248650566972628e+01
-6.197745644363393325e+01
-6.197242487557621615e+01
-6.196739192639581972e+01
-6.196235771852545327e+01
-6.195732237197149317e+01
-6.195228600435349620e+01
-6.194724873094313722e+01
-6.194221066470255721e+01
-6.193717191632217833e+01
-6.193213259425787243e+01
-6.192709280476763212e+01
-6.192205265194767350e+01
-6.191701223776794905e+01
-6.191197166210721292e+01
-6.190693102278745386e+01
-6.190189041560789462e+01
-6.189684993437842309e+01
-6.189180967095253294e+01
-6.188676971525974579e+01
-6.188173015533760690e+01
-6.187669107736309826e+01
-6.187165256568364669e+01
-6.186661470284762032e+01
-6.186157756963441301e+01
-6.185654124508397445e+01
-6.185150580652600638e+01
-6.184647132960861171e+01
-6.184143788832659538e+01
-6.183640555504923952e+01
-6.183137440054773037e+01
-6.182634449402214472e+01
-6.182131590312798863e+01
-6.181628869400238102e+01
-6.181126293128977522e+01
-6.180623867816738937e+01
-6.180121599637010377e+01
-6.179619494621508835e+01
-6.179117558662600374e+01
-6.178615797515684704e+01
-6.178114216801542824e+01
-6.177612822008644144e+01
-6.177111618495425915e+01
-6.176610611492533565e+01
-6.176109806105020539e+01
-6.175609207314526827e+01
-6.175108819981413433e+01
-6.174608648846865577e+01
-6.174108698534968909e+01
-6.173608973554745916e+01
-6.173109478302164632e+01
-6.172610217062119631e+01
-6.172111194010373225e+01
-6.171612413215475357e+01
-6.171113878640647954e+01
-6.170615594145643712e+01
-6.170117563488572188e+01
-6.169619790327701025e+01
-6.169122278223225919e+01
-6.168625030639016416e+01
-6.168128050944330454e+01
-6.167631342415504747e+01
-6.167134908237619584e+01
-6.166638751506133076e+01
-6.166142875228494091e+01
-6.165647282325730316e+01
-6.165151975634005765e+01
-6.164656957906160528e+01
-6.164162231813222803e+01
-6.163667799945896064e+01
-6.163173664816026331e+01
-6.162679828858044573e+01
-6.162186294430383526e+01
-6.161693063816877469e+01
-6.161200139228135697e+01
-6.160707522802895397e+01
-6.160215216609354627e+01
-6.159723222646483265e+01
-6.159231542845311225e+01
-6.158740179070197485e+01
-6.158249133120082064e+01
-6.157758406729711709e+01
-6.157268001570853500e+01
-6.156777919253480746e+01
-6.156288161326949648e+01
-6.155798729281146819e+01
-6.155309624547628289e+01
-6.154820848500731501e+01
-6.154332402458676654e+01
-6.153844287684646730e+01
-6.153356505387849040e+01
-6.152869056724563990e+01
-6.152381942799171810e+01
-6.151895164665169347e+01
-6.151408723326161265e+01
-6.150922619736846286e+01
-6.150436854803976416e+01
-6.149951429387309787e+01
-6.149466344300543597e+01
-6.148981600312230711e+01
-6.148497198146684894e+01
-6.148013138484871121e+01
-6.147529421965276697e+01
-6.147046049184774574e+01
-6.146563020699466762e+01
-6.146080337025520635e+01
-6.145597998639984638e+01
-6.145116005981594753e+01
-6.144634359451565331e+01
-6.144153059414372109e+01
-6.143672106198516047e+01
-6.143191500097275792e+01
-6.142711241369452324e+01
-6.142231330240097265e+01
-6.141751766901228393e+01
-6.141272551512538058e+01
-6.140793684202082403e+01
-6.140315165066969882e+01
-6.139836994174026330e+01
-6.139359171560457895e+01
-6.138881697234498347e+01
-6.138404571176048563e+01
-6.137927793337303228e+01
-6.137451363643365454e+01
-6.136975281992857845e+01
-6.136499548258515091e+01
-6.136024162287771588e+01
-6.135549123903337687e+01
-6.135074432903766706e+01
-6.134600089064012707e+01
-6.134126092135977615e+01
-6.133652441849049808e+01
-6.133179137910632761e+01
-6.132706180006667296e+01
-6.132233567802141749e+01
-6.131761300941595749e+01
-6.131289379049613331e+01
-6.130817801731308947e+01
-6.130346568572807797e+01
-6.129875679141710521e+01
-6.129405132987557181e+01
-6.128934929642280593e+01
-6.128465068620651834e+01
-6.127995549420717225e+01
-6.127526371524227500e+01
-6.127057534397063421e+01
-6.126589037489650025e+01
-6.126120880237363053e+01
-6.125653062060932541e+01
-6.125185582366835035e+01
-6.124718440547681553e+01
-6.124251635982597719e+01
-6.123785168037596804e+01
-6.123319036065947785e+01
-6.122853239408534876e+01
-6.122387777394213515e+01
-6.121922649340154265e+01
-6.121457854552189559e+01
-6.120993392325145521e+01
-6.120529261943173083e+01
-6.120065462680070567e+01
-6.119601993799603434e+01
-6.119138854555814078e+01
-6.118676044193329489e+01
-6.118213561947663237e+01
-6.117751407045508216e+01
-6.117289578705029385e+01
-6.116828076136147274e+01
-6.116366898540816521e+01
-6.115906045113302980e+01
-6.115445515040450175e+01
-6.114985307501947176e+01
-6.114525421670582972e+01
-6.114065856712507241e+01
-6.113606611787476197e+01
-6.113147686049097729e+01
-6.112689078645075114e+01
-6.112230788717440078e+01
-6.111772815402787984e+01
-6.111315157832500944e+01
-6.110857815132973059e+01
-6.110400786425829978e+01
-6.109944070828142770e+01
-6.109487667452637538e+01
-6.109031575407902892e+01
-6.108575793798592457e+01
-6.108120321725622404e+01
-6.107665158286367557e+01
-6.107210302574851113e+01
-6.106755753681932219e+01
-6.106301510695490009e+01
-6.105847572700601944e+01
-6.105393938779722873e+01
-6.104940608012854142e+01
-6.104487579477715542e+01
-6.104034852249912291e+01
-6.103582425403092770e+01
-6.103130298009114796e+01
-6.102678469138194828e+01
-6.102226937859065714e+01
-6.101775703239124482e+01
-6.101324764344580132e+01
-6.100874120240595033e+01
-6.100423769991429168e+01
-6.099973712660574421e+01
-6.099523947310892424e+01
-6.099074473004743879e+01
-6.098625288804119293e+01
-6.098176393770766879e+01
-6.097727786966312635e+01
-6.097279467452384694e+01
-6.096831434290731977e+01
-6.096383686543337888e+01
-6.095936223272533994e+01
-6.095489043541113716e+01
-6.095042146412438200e+01
-6.094595530950541473e+01
-6.094149196220239162e+01
-6.093703141287223701e+01
-6.093257365218167365e+01
-6.092811867080818899e+01
-6.092366645944094472e+01
-6.091921700878176438e+01
-6.091477030954597183e+01
-6.091032635246331495e+01
-6.090588512827881118e+01
-6.090144662775358597e+01
-6.089701084166570411e+01
-6.089257776081096551e+01
-6.088814737600367266e+01
-6.088371967807741925e+01
-6.087929465788582206e+01
-6.087487230630322443e+01
-6.087045261422543518e+01
-6.086603557257042496e+01
-6.086162117227894441e+01
-6.085720940431522763e+01
-6.085280025966762452e+01
-6.084839372934919766e+01
-6.084398980439834759e+01
-6.083958847587939545e+01
-6.083518973488315140e+01
-6.083079357252748309e+01
-6.082639997995783432e+01
-6.082200894834778637e+01
-6.081762046889954121e+01
-6.081323453284441882e+01
-6.080885113144336174e+01
-6.080447025598738975e+01
-6.080009189779806178e+01
-6.079571604822790931e+01
-6.079134269866086271e+01
-6.078697184051269176e+01
-6.078260346523137514e+01
-6.077823756429751256e+01
-6.077387412922470133e+01
-6.076951315155987743e+01
-6.076515462288369918e+01
-6.076079853481088122e+01
-6.075644487899052848e+01
-6.075209364710642745e+01
-6.074774483087739441e+01
-6.074339842205753826e+01
-6.073905441243657322e+01
-6.073471279384006749e+01
-6.073037355812974170e+01
-6.072603669720369624e+01
-6.072170220299666710e+01
-6.071737006748026033e+01
-6.071304028266317232e+01
-6.070871284059142425e+01
-6.070438773334855398e+01
-6.070006495305580074e+01
-6.069574449187232545e+01
-6.069142634199537412e+01
-6.068711049566044125e+01
-6.068279694514146172e+01
-6.067848568275092447e+01
-6.067417670084005010e+01
-6.066986999179891882e+01
-6.066556554805661960e+01
-6.066126336208132841e+01
-6.065696342638047156e+01
-6.065266573350081813e+01
-6.064837027602856523e+01
-6.064407704658945875e+01
-6.063978603784885024e+01
-6.063549724251180351e+01
-6.063121065332315851e+01
-6.062692626306759536e+01
-6.062264406456970534e+01
-6.061836405069401934e+01
-6.061408621434509314e+01
-6.060981054846750737e+01
-6.060553704604593861e+01
-6.060126570010518066e+01
-6.059699650371015878e+01
-6.059272944996595101e+01
-6.058846453201780236e+01
-6.058420174305114614e+01
-6.057994107629158975e+01
-6.057568252500490757e+01
-6.057142608249705518e+01
-6.056717174211414800e+01
-6.056291949724243295e+01
-6.055866934130826706e+01
-6.055442126777811751e+01
-6.055017527015849055e+01
-6.054593134199593152e+01
-6.054168947687696090e+01
-6.053744966842803166e+01
-6.053321191031550796e+01
-6.052897619624556569e+01
-6.052474251996418531e+01
-6.052051087525704531e+01
-6.051628125594950092e+01
-6.051205365590647745e+01
-6.050782806903242772e+01
-6.050360448927125390e+01
-6.049938291060619378e+01
-6.049516332705978527e+01
-6.049094573269375985e+01
-6.048673012160895013e+01
-6.048251648794520463e+01
-6.047830482588128831e+01
-6.047409512963479727e+01
-6.046988739346202379e+01
-6.046568161165790656e+01
-6.046147777855586725e+01
-6.045727588852774659e+01
-6.045307593598366225e+01
-6.044887791537191646e+01
-6.044468182117885391e+01
-6.044048764792876938e+01
-6.043629539018375851e+01
-6.043210504254361126e+01
-6.042791659964569106e+01
-6.042373005616477855e+01
-6.041954540681297203e+01
-6.041536264633953124e+01
-6.041118176953075647e+01
-6.040700277120983941e+01
-6.040282564623672812e+01
-6.039865038950799914e+01
-6.039447699595670116e+01
-6.039030546055218451e+01
-6.038613577830002299e+01
-6.038196794424180069e+01
-6.037780195345499124e+01
-6.037363780105280142e+01
-6.036947548218402204e+01
-6.036531499203286444e+01
-6.036115632581881130e+01
-6.035699947879646743e+01
-6.035284444625537503e+01
-6.034869122351989290e+01
-6.034453980594899036e+01
-6.034039018893612649e+01
-6.033624236790905826e+01
-6.033209633832969132e+01
-6.032795209569390948e+01
-6.032380963553138997e+01
-6.031966895340547552e+01
-6.031553004491298253e+01
-6.031139290568400924e+01
-6.030725753138181489e+01
-6.030312391770259950e+01
-6.029899206037536175e+01
-6.029486195516172842e+01
-6.029073359785574837e+01
-6.028660698428375753e+01
-6.028248211030417281e+01
-6.027835897180733582e+01
-6.027423756471533522e+01
-6.027011788498180778e+01
-6.026599992859178201e+01
-6.026188369156150770e+01
-6.025776916993824983e+01
-6.025365635980012513e+01
-6.024954525725593157e+01
-6.024543585844494231e+01
-6.024132815953675646e+01
-6.023722215673110014e+01
-6.105665937280316768e+01
-6.145888623925249306e+01
-6.175367767234621397e+01
-6.199365988135153316e+01
-6.219980964562430614e+01
-6.238290271826014788e+01
-6.254926658959158203e+01
-6.270294144732542208e+01
-6.284666055854548716e+01
-6.298235375746812537e+01
-6.311142977912209773e+01
-6.323494523218024455e+01
-6.335371088473940659e+01
-6.346836118639588875e+01
-6.357940120751661084e+01
-6.368723918054038791e+01
-6.379220957635630640e+01
-6.389458979606240518e+01
-6.399461245905592222e+01
-6.409247459374492450e+01
-6.418834461122709456e+01
-6.428236766674541514e+01
-6.437466983166672208e+01
-6.446536137613981055e+01
-6.455453937863499903e+01
-6.464228982017343128e+01
-6.472868927986110066e+01
-6.481380631889538790e+01
-6.489770261890437553e+01
-6.498043392488226289e+01
-6.506205083144500634e+01
-6.514259944250535739e+01
-6.522212192795925034e+01
-6.530065699602064910e+01
-6.537824029603727638e+01
-6.545490476367459109e+01
-6.553068091805825190e+01
-6.560559711866018517e+01
-6.567967978828589537e+01
-6.575295360738324746e+01
-6.582544168398258932e+01
-6.589716570284365105e+01
-6.596814605678980570e+01
-6.603840196272544460e+01
-6.610795156443555243e+01
-6.617681202393970352e+01
-6.624499960290275169e+01
-6.631252973538049389e+01
-6.637941709299154525e+01
-6.644567564345035748e+01
-6.651131870326487672e+01
-6.657635898529147767e+01
-6.664080864174600549e+01
-6.670467930319031780e+01
-6.676798211394573457e+01
-6.683072776432685203e+01
-6.689292652003982198e+01
-6.695458824904619632e+01
-6.701572244615684326e+01
-6.707633825558900753e+01
-6.713644449169139250e+01
-6.719604965801926255e+01
-6.725516196491965104e+01
-6.731378934576999029e+01
-6.737193947199641286e+01
-6.742961976698499882e+01
-6.748683741898665289e+01
-6.754359939310586469e+01
-6.759991244245391329e+01
-6.765578311853907678e+01
-6.771121778095887578e+01
-6.776622260645284257e+01
-6.782080359736879416e+01
-6.787496658959007334e+01
-6.792871725996701571e+01
-6.798206113329159450e+01
-6.803500358885077048e+01
-6.808754986659040753e+01
-6.813970507291945466e+01
-6.819147418618045720e+01
-6.824286206181128023e+01
-6.829387343721963077e+01
-6.834451293639115477e+01
-6.839478507424928466e+01
-6.844469426078411800e+01
-6.849424480496567469e+01
-6.854344091845619857e+01
-6.859228671913433573e+01
-6.864078623444359550e+01
-6.868894340457620729e+01
-6.873676208550268996e+01
-6.878424605185669805e+01
-6.883139899968399789e+01
-6.887822454906370240e+01
-6.892472624660943836e+01
-6.897090756785736687e+01
-6.901677191954766499e+01
-6.906232264180552249e+01
-6.910756301022732373e+01
-6.915249623787718747e+01
-6.919712547719892370e+01
-6.924145382184786968e+01
-6.928548430844686834e+01
-6.932921991827051045e+01
-6.937266357886129242e+01
-6.941581816558112905e+01
-6.945868650310163162e+01
-6.950127136683622098e+01
-6.954357548431674729e+01
-6.958560153651772850e+01
-6.962735215913029663e+01
-6.966882994378863714e+01
-6.971003743925099627e+01
-6.975097715253730257e+01
-6.979165155002566223e+01
-6.983206305850937667e+01
-6.987221406621642927e+01
-6.991210692379299019e+01
-6.995174394525267303e+01
-6.999112740889296447e+01
-7.003025955818027626e+01
-7.006914260260496974e+01
-7.010777871850763177e+01
-7.014617004987786686e+01
-7.018431870912664294e+01
-7.022222677783338440e+01
-7.025989630746883563e+01
-7.029732932009461877e+01
-7.033452780904057988e+01
-7.037149373956052045e+01
-7.040822904946752203e+01
-7.044473564974943258e+01
-7.048101542516531026e+01
-7.051707023482366310e+01
-7.055290191274310985e+01
-7.058851226839605886e+01
-7.062390308723622923e+01
-7.065907613121049735e+01
-7.069403313925552368e+01
-7.072877582778006911e+01
-7.076330589113317160e+01
-7.079762500205886511e+01
-7.083173481213789557e+01
-7.086563695221697401e+01
-7.089933303282577981e+01
-7.093282464458243908e+01
-7.096611335858764846e+01
-7.099920072680795613e+01
-7.103208828244861195e+01
-7.106477754031610061e+01
-7.109726999717108242e+01
-7.112956713207172754e+01
-7.116167040670796951e+01
-7.119358126572683432e+01
-7.122530113704935673e+01
-7.125683143217912630e+01
-7.128817354650274751e+01
-7.131932885958279655e+01
-7.135029873544300472e+01
-7.138108452284645011e+01
-7.141168755556650183e+01
-7.144210915265111339e+01
-7.147235061868043715e+01
-7.150241324401811482e+01
-7.153229830505638631e+01
-7.156200706445511628e+01
-7.159154077137513639e+01
-7.162090066170586056e+01
-7.165008795828750010e+01
-7.167910387112789294e+01
-7.170794959761433063e+01
-7.173662632272025519e+01
-7.176513521920723804e+01
-7.179347744782219820e+01
-7.182165415749005888e+01
-7.184966648550199864e+01
-7.187751555769942513e+01
-7.190520248865377084e+01
-7.193272838184216766e+01
-7.196009432981929876e+01
-7.198730141438529984e+01
-7.201435070675006500e+01
-7.204124326769388631e+01
-7.206798014772451211e+01
-7.209456238723093691e+01
-7.212099101663370959e+01
-7.214726705653218630e+01
-7.217339151784845797e+01
-7.219936540196840724e+01
-7.222518970087961065e+01
-7.225086539730651225e+01
-7.227639346484268401e+01
-7.230177486808034359e+01
-7.232701056273731410e+01
-7.235210149578124117e+01
-7.237704860555135156e+01
-7.240185282187781013e+01
-7.242651506619854729e+01
-7.245103625167386951e+01
-7.247541728329873933e+01
-7.249965905801282418e+01
-7.252376246480844202e+01
-7.254772838483633279e+01
-7.257155769150944025e+01
-7.259525125060467587e+01
-7.261880992036267912e+01
-7.264223455158575860e+01
-7.266552598773390059e+01
-7.268868506501907234e+01
-7.271171261249766360e+01
-7.273460945216119455e+01
-7.275737639902547471e+01
-7.278001426121801387e+01
-7.280252384006379884e+01
-7.282490593016966329e+01
-7.284716131950699491e+01
-7.286929078949300731e+01
-7.289129511507056236e+01
-7.291317506478658572e+01
-7.293493140086904702e+01
-7.295656487930264689e+01
-7.297807624990315389e+01
-7.299946625639047681e+01
-7.302073563646042942e+01
-7.304188512185531579e+01
-7.306291543843326508e+01
-7.308382730623644363e+01
-7.310462143955807335e+01
-7.312529854700832743e+01
-7.314585933157917452e+01
-7.316630449070807174e+01
-7.318663471634073403e+01
-7.320685069499268138e+01
-7.322695310781001865e+01
-7.324694263062900745e+01
-7.326681993403481385e+01
-7.328658568341934654e+01
-7.330624053903800075e+01
-7.332578515606570591e+01
-7.334522018465193582e+01
-7.336454626997493733e+01
-7.338376405229516308e+01
-7.340287416700768119e+01
-7.342187724469404486e+01
-7.344077391117312459e+01
-7.345956478755137198e+01
-7.347825049027213140e+01
-7.349683163116436901e+01
-7.351530881749059176e+01
-7.353368265199405585e+01
-7.355195373294527883e+01
-7.357012265418792651e+01
-7.358819000518390396e+01
-7.360615637105794917e+01
-7.362402233264141671e+01
-7.364178846651556398e+01
-7.365945534505414116e+01
-7.367702353646537006e+01
-7.369449360483343980e+01
-7.371186611015920676e+01
-7.372914160840055331e+01
-7.374632065151203619e+01
-7.376340378748402316e+01
-7.378039156038131807e+01
-7.379728451038118919e+01
-7.381408317381095685e+01
-7.383078808318504116e+01
-7.384739976724144128e+01
-7.386391875097788784e+01
-7.388034555568728479e+01
-7.389668069899290970e+01
-7.391292469488297456e+01
-7.392907805374485974e+01
-7.394514128239873685e+01
-7.396111488413097845e+01
-7.397699935872694255e+01
-7.399279520250337328e+01
-7.400850290834048906e+01
-7.402412296571355910e+01
-7.403965586072405358e+01
-7.405510207613053808e+01
-7.407046209137901371e+01
-7.408573638263300154e+01
-7.410092542280322903e+01
-7.411602968157683335e+01
-7.413104962544642262e+01
-7.414598571773852598e+01
-7.416083841864191584e+01
-7.417560818523547539e+01
-7.419029547151571080e+01
-7.420490072842397922e+01
-7.421942440387343254e+01
-7.423386694277549225e+01
-7.424822878706619633e+01
-7.426251037573206304e+01
-7.427671214483576989e+01
-7.429083452754149164e+01
-7.430487795413991137e+01
-7.431884285207300422e+01
